"CAVS_CODE","CAAB_CODE","NAMES_VARIOUS","SCIENTIFIC_NAME","FAMILY","GENUS","SUBGENUS","SPECIES","SUBSPECIES","NAME_TYPE","NAME_SUBTYPE","RANK","QUALIFICATION","AUTHOR","YEAR","ORIG_COMBINATION","NAME_GUID","NAME_LAST_UPDATE","TAXON_GUID","TAXON_LAST_UPDATE","PARENT_TAXON_GUID","CONCEPT_GUID","PUB_PUB_AUTHOR","PUB_PUB_YEAR","PUB_PUB_TITLE","PUB_PUB_PAGES","PUB_PUB_PARENT_BOOK_TITLE","PUB_PUB_PARENT_JOURNAL_TITLE","PUB_PUB_PARENT_ARTICLE_TITLE","PUB_PUB_PUBLICATION_DATE","PUB_PUB_PUBLISHER","PUB_PUB_FORMATTED","PUB_PUB_QUALIFICATION","PUB_PUB_TYPE","PUBLICATION_GUID","PUBLICATION_LAST_UPDATE","PARENT_PUBLICATION_GUID"
"","","CYMIDAE","CYMIDAE","","","","","","Valid Name","","Family","","","","Y","fc54a575-35f1-4800-aef8-277fe8d31815","20140623T22:27:58.219+0000","5fbe7209-2303-44b0-812e-7767a8794e10","20140625T01:01:05.913+0000","6880c205-8517-461c-a307-9f2ba253d0d4","5fbe7209-2303-44b0-812e-7767a8794e10","","","","","","","","","","","","","","",""
"","","Cyminae","Cyminae","CYMIDAE","","","","","Valid Name","","Subfamily","","","","Y","fc8e1bc5-ebd6-45b7-9940-ebcce44b7e20","20140623T22:27:58.219+0000","a6a946e5-ca00-4ac0-bfc6-b4ad9b459fda","20140625T01:01:05.913+0000","5fbe7209-2303-44b0-812e-7767a8794e10","a6a946e5-ca00-4ac0-bfc6-b4ad9b459fda","","","","","","","","","","","","","","",""
"","","Cymodema","Cymodema Spinola, 1837","CYMIDAE","Cymodema","","","","Valid Name","","Genus","","Spinola","1837","Y","c174274b-f239-423c-8623-994229c2fc55","20140623T22:27:58.219+0000","60722949-26d6-4b1f-b10c-7a90c5ec57a5","20140625T01:01:05.913+0000","a6a946e5-ca00-4ac0-bfc6-b4ad9b459fda","60722949-26d6-4b1f-b10c-7a90c5ec57a5","","","","","","","","","","","","","","",""
"","","Cymodema","Cymodema Spinola, 1837","","Cymodema","","","","Synonym","synonym","Genus","","Spinola","1837","Y","84100e83-cac5-4572-8c3a-2f3dcb06c536","20140623T22:27:58.219+0000","60722949-26d6-4b1f-b10c-7a90c5ec57a5","20140625T01:01:05.913+0000","","bfbb96eb-7026-462d-ab7f-9e4323168377","Spinola, M.M.","1837","Essai sur les genres d'insectes appartenants à l'ordre des Hémiptères Lin. ou Rhyngotes Fab. et à la section des Hétéroptères, Dufour","1-383, 15 tables","","Gênes, Chez Yves Gravier","","","","<!--MARK--><a href='null1b2fe2b9-7349-4475-8e52-58afb1907f18' class='mouseoverHref'>Spinola, M.M. 1837. Essai sur les genres d'insectes appartenants à l'ordre des Hémiptères Lin. ou Rhyngotes Fab. et à la section des Hétéroptères, Dufour.</a> <!--MARK--><!--MARK--><a href='null5cf782bf-ebc8-4d22-816f-fe44b1e5a07b' class='mouseoverHref'><em>Gênes, Chez Yves Gravier</em></a> <strong>1837</strong>: 1-383, 15 tables<!--MARK-->","","Article in Journal","1b2fe2b9-7349-4475-8e52-58afb1907f18","20081009T05:11:37.000+0000","5cf782bf-ebc8-4d22-816f-fe44b1e5a07b"
"","","Bedus","Bedus Stål, 1859","","Bedus","","","","Synonym","synonym","Genus","","Stål","1859","Y","44232ad7-96f6-40b5-8c76-d31b5c52e592","20140623T22:27:58.219+0000","60722949-26d6-4b1f-b10c-7a90c5ec57a5","20140625T01:01:05.913+0000","","ffd99fc3-c4d6-4004-b79b-b04e2428124e","Stål, C.","1859","Hemiptera. Species novas descripsit","","Konglika Svenska Fregatten Eugenies Resa Omkring Jorden, under Befal af C.A. Virgin Aren 1851-1853. Vol. I Zoologi. Insekter.","","","","","<!--MARK--><a href='nullc85c89f1-491c-40c8-b86c-82acd84f1dbe' class='mouseoverHref'>Stål, C. 1859. Hemiptera. Species novas descripsit.</a> <!--MARK--><em>In,</em> <!--MARK--><a href='nullc89d7ad8-2d1f-43dc-a43c-0ed2a5a2cc75' class='mouseoverHref'>[ed.]. <em>Konglika Svenska Fregatten Eugenies Resa Omkring Jorden, under Befal af C.A. Virgin Aren 1851-1853. Vol. I Zoologi. Insekter</em>. Stockholm : Horstedt.</a><!--MARK-->","","Chapter in Book","c85c89f1-491c-40c8-b86c-82acd84f1dbe","20140423T01:23:46.566+0000","c89d7ad8-2d1f-43dc-a43c-0ed2a5a2cc75"
"","","basicornis","Cymodema basicornis (Motschulsky, 1863)","CYMIDAE","Cymodema","","basicornis","","Valid Name","","Species","","Motschulsky","1863","N","e0556a9d-418e-4dc9-8453-017a78def0d3","20140625T01:01:05.913+0000","3fcb5d55-bad7-4512-80c3-f806098362b6","20140625T01:01:05.913+0000","60722949-26d6-4b1f-b10c-7a90c5ec57a5","3fcb5d55-bad7-4512-80c3-f806098362b6","","","","","","","","","","","","","","",""
"","","basicornis","Cymus basicornis Motschulsky, 1863","","Cymus","","basicornis","","Synonym","synonym","Species","","Motschulsky","1863","Y","1bc74c36-482b-42db-81c6-cb5fcce42a24","20140623T22:27:58.219+0000","3fcb5d55-bad7-4512-80c3-f806098362b6","20140625T01:01:05.913+0000","","2418296d-f1c3-4254-8df1-b4f5275d6f86","Motschulsky, V. von","1863","Essai d'un catalogue des insectes de l'îIle Ceylan","1-153","","Bulletin de la Société Impériale des Naturalistes de Moscou","","","","<!--MARK--><a href='null5c928909-c38d-4a1a-b47e-d1c08d0f3d2e' class='mouseoverHref'>Motschulsky, V. von 1863. Essai d'un catalogue des insectes de l'îIle Ceylan.</a> <!--MARK--><!--MARK--><a href='nulla7cbc93a-fdd0-40a5-9cc8-35de71b7d18a' class='mouseoverHref'><em>Bulletin de la Société Impériale des Naturalistes de Moscou</em></a> <strong>36</strong>(3): 1-153<!--MARK-->","","Article in Journal","5c928909-c38d-4a1a-b47e-d1c08d0f3d2e","20120220T20:43:06.421+0000","a7cbc93a-fdd0-40a5-9cc8-35de71b7d18a"
"","","tabidus","Cymus tabidus Stål, 1874","","Cymus","","tabidus","","Synonym","synonym","Species","","Stål","1874","Y","c810eed2-108d-4030-bc3c-653a627bcb5d","20140623T22:27:58.219+0000","3fcb5d55-bad7-4512-80c3-f806098362b6","20140625T01:01:05.913+0000","","4d4225c4-b71b-49a6-8405-452357a7744f","Stål, C.","1874","Enumeratio Hemipterorum. Bidrag till en förteckning öfver aller hittills kända Hemiptera, jemte systematiska meddelanden. 4","1-186","","Kongliga Svenska Vetenskaps-Academiens Nya Handlingar, Stockholm","","","","<!--MARK--><a href='null26600448-bb7e-4542-93b9-6e3e59017a84' class='mouseoverHref'>Stål, C. 1874. Enumeratio Hemipterorum. Bidrag till en förteckning öfver aller hittills kända Hemiptera, jemte systematiska meddelanden. 4.</a> <!--MARK--><!--MARK--><a href='nullf145f16a-592b-484d-8689-ce403bec0970' class='mouseoverHref'><em>Kongliga Svenska Vetenskaps-Academiens Nya Handlingar, Stockholm</em></a> <strong>12</strong>(1): 1-186<!--MARK-->","","Article in Journal","26600448-bb7e-4542-93b9-6e3e59017a84","20081009T05:11:37.000+0000","f145f16a-592b-484d-8689-ce403bec0970"
"","","nanulus","Cymus nanulus Breddin, 1907","","Cymus","","nanulus","","Synonym","synonym","Species","","Breddin","1907","Y","bccebbdd-1617-4e37-b679-ba710e7f1bae","20140623T22:27:58.219+0000","3fcb5d55-bad7-4512-80c3-f806098362b6","20140625T01:01:05.913+0000","","a7bd0584-05cd-49cf-8bf8-4312bff5c966","Breddin, G.","1907","Berytiden und Myodochiden von Ceylon aus der Sammelausbeute von Dr. W. Horn (Rhynch. Het.)","34-47, 203-220","","Deutsche Entomologische Zeitschrift","","","","<!--MARK--><a href='null03baeafe-f7fe-482e-86cb-4073720c00e3' class='mouseoverHref'>Breddin, G. 1907. Berytiden und Myodochiden von Ceylon aus der Sammelausbeute von Dr. W. Horn (Rhynch. Het.).</a> <!--MARK--><!--MARK--><a href='nullbdeb8163-7175-47c9-be9b-28f797c57745' class='mouseoverHref'><em>Deutsche Entomologische Zeitschrift</em></a> <strong>1907</strong>: 34-47, 203-220<!--MARK-->","","Article in Journal","03baeafe-f7fe-482e-86cb-4073720c00e3","20081009T05:11:37.000+0000","bdeb8163-7175-47c9-be9b-28f797c57745"
"","","vulturnus","Cymus vulturnus Kirkaldy, 1908","","Cymus","","vulturnus","","Synonym","synonym","Species","","Kirkaldy","1908","Y","d1d6878b-b083-4326-95cc-6b987530bab9","20140623T22:27:58.219+0000","3fcb5d55-bad7-4512-80c3-f806098362b6","20140625T01:01:05.913+0000","","99a066dd-669a-459c-a68f-6d6648f88290","Kirkaldy, G.W.","1908","Memoir on a few heteropterous Hemiptera from eastern Australia","768-788 pl. xliii","","Proceedings of the Linnean Society of New South Wales","","","","<!--MARK--><a href='null1603da7a-9a7b-4290-92ed-ce957ba1a158' class='mouseoverHref'>Kirkaldy, G.W. 1908. Memoir on a few heteropterous Hemiptera from eastern Australia.</a> <!--MARK--><!--MARK--><a href='nullc12cd779-adb5-41ea-bd2c-75f6864cf22e' class='mouseoverHref'><em>Proceedings of the Linnean Society of New South Wales</em></a> <strong>32</strong>: 768-788 pl. xliii<!--MARK-->","","Article in Journal","1603da7a-9a7b-4290-92ed-ce957ba1a158","20081009T05:11:37.000+0000","c12cd779-adb5-41ea-bd2c-75f6864cf22e"
"","","gracilior","Cymodema gracilior Lindberg, 1958","","Cymodema","","gracilior","","Synonym","synonym","Species","","Lindberg","1958","Y","acfd283b-60db-4e69-9be7-7670dabb7dd8","20140623T22:27:58.219+0000","3fcb5d55-bad7-4512-80c3-f806098362b6","20140625T01:01:05.913+0000","","c685a4ae-07c2-4e11-93c3-a4d188358c64","Lindberg, H.","1958","Hemiptera Insularum Caboverdensium. Systematik, Ökologie und Verbreitung der Heteropteren und Cicadinen der kapverdischen Inseln","5-246","","Commentationes Biologicae Societas Scientiarum Fennicae","","","","<!--MARK--><a href='null4c22d839-ba6e-4d93-9a24-5cf60a39821a' class='mouseoverHref'>Lindberg, H. 1958. Hemiptera Insularum Caboverdensium. Systematik, Ökologie und Verbreitung der Heteropteren und Cicadinen der kapverdischen Inseln.</a> <!--MARK--><!--MARK--><a href='nullb8cf68bc-51ac-488f-9c39-7b3fbc07f6fe' class='mouseoverHref'><em>Commentationes Biologicae Societas Scientiarum Fennicae</em></a> <strong>19</strong>: 5-246<!--MARK-->","","Article in Journal","4c22d839-ba6e-4d93-9a24-5cf60a39821a","20081009T05:11:37.000+0000","b8cf68bc-51ac-488f-9c39-7b3fbc07f6fe"
"","","Cymus","Cymus Hahn, 1832","CYMIDAE","Cymus","","","","Valid Name","","Genus","","Hahn","1832","Y","af03df8a-63d0-4fd9-923f-1b390d2c1133","20140623T22:27:58.219+0000","1b1db362-66b8-48ec-90e7-cd8e3c02532c","20140625T01:01:05.913+0000","a6a946e5-ca00-4ac0-bfc6-b4ad9b459fda","1b1db362-66b8-48ec-90e7-cd8e3c02532c","","","","","","","","","","","","","","",""
"","","Cymus","Cymus Hahn, 1832","","Cymus","","","","Synonym","synonym","Genus","","Hahn","1832","Y","80b26a95-fe20-49c8-833e-981978a01b44","20140623T22:27:58.219+0000","1b1db362-66b8-48ec-90e7-cd8e3c02532c","20140625T01:01:05.913+0000","","2b6ff6b3-fe7b-4ce0-8176-629b7486380f","Hahn, C.W.","1832","Die Wanzenartigen Insecten. Getreu nach der Natur abgebildet und beschrieben","37-118 pp.","","","","","C.H. Zeh'schen Buchhandlung","<!--MARK--><a href='null1a34192b-1c4c-4cb5-b481-b9df6718241b' class='mouseoverHref'>Hahn, C.W. 1832. <em>Die Wanzenartigen Insecten. Getreu nach der Natur abgebildet und beschrieben</em>. Nürnburg : C.H. Zeh'schen Buchhandlung Vol. 1 37-118 pp.</a><!--MARK-->","","Book","1a34192b-1c4c-4cb5-b481-b9df6718241b","20081009T05:11:37.000+0000",""
"","","Arphnus","Arphnus Stål, 1874","","Arphnus","","","","Synonym","synonym","Genus","","Stål","1874","Y","5a6dadbb-89f7-4e16-ab72-38ddb5ef3948","20140623T22:27:58.219+0000","1b1db362-66b8-48ec-90e7-cd8e3c02532c","20140625T01:01:05.913+0000","","031fec19-3529-4644-9507-652d4189e246","Stål, C.","1874","Enumeratio Hemipterorum. Bidrag till en förteckning öfver aller hittills kända Hemiptera, jemte systematiska meddelanden. 4","1-186","","Kongliga Svenska Vetenskaps-Academiens Nya Handlingar, Stockholm","","","","<!--MARK--><a href='null26600448-bb7e-4542-93b9-6e3e59017a84' class='mouseoverHref'>Stål, C. 1874. Enumeratio Hemipterorum. Bidrag till en förteckning öfver aller hittills kända Hemiptera, jemte systematiska meddelanden. 4.</a> <!--MARK--><!--MARK--><a href='nullf145f16a-592b-484d-8689-ce403bec0970' class='mouseoverHref'><em>Kongliga Svenska Vetenskaps-Academiens Nya Handlingar, Stockholm</em></a> <strong>12</strong>(1): 1-186<!--MARK-->","","Article in Journal","26600448-bb7e-4542-93b9-6e3e59017a84","20081009T05:11:37.000+0000","f145f16a-592b-484d-8689-ce403bec0970"
"","","novaezelandiae","Cymus novaezelandiae Woodward, 1954","CYMIDAE","Cymus","","novaezelandiae","","Valid Name","","Species","","Woodward","1954","Y","cb8eb6c8-6d6c-4550-858c-7b252c1a8e00","20140625T01:01:05.913+0000","212c5121-e21c-4fc4-af7b-9a49841871a4","20140625T01:01:05.913+0000","1b1db362-66b8-48ec-90e7-cd8e3c02532c","212c5121-e21c-4fc4-af7b-9a49841871a4","","","","","","","","","","","","","","",""
"","","novaezelandiae","Cymus novaezelandiae Woodward, 1954","","Cymus","","novaezelandiae","","Synonym","synonym","Species","","Woodward","1954","Y","20277f3b-d568-47b5-a8ca-3d3e9986d307","20140623T22:27:58.219+0000","212c5121-e21c-4fc4-af7b-9a49841871a4","20140625T01:01:05.913+0000","","d6e5aa1f-34b3-4c63-bab0-c13b66e43aa7","Woodward, T.E.","1954","New records and descriptions of Hemiptera-Heteroptera from the Three Kings Islands","215-233","","Records of the Auckland Institute and Museum","","","","<!--MARK--><a href='nulla63af992-f6d1-4c2f-a758-d969c7e46734' class='mouseoverHref'>Woodward, T.E. 1954. New records and descriptions of Hemiptera-Heteroptera from the Three Kings Islands.</a> <!--MARK--><!--MARK--><a href='null9e93f841-20d1-42ff-8189-5530f3404ea0' class='mouseoverHref'><em>Records of the Auckland Institute and Museum</em></a> <strong>4</strong>: 215-233<!--MARK-->","","Article in Journal","a63af992-f6d1-4c2f-a758-d969c7e46734","20081009T05:11:37.000+0000","9e93f841-20d1-42ff-8189-5530f3404ea0"
"","","Neocymodema","Neocymodema Hamid, 1975","CYMIDAE","Neocymodema","","","","Valid Name","","Genus","","Hamid","1975","Y","82fbfaf9-3e67-4293-9d22-73963c843676","20140623T22:27:58.219+0000","8f2965ce-1ffb-46a2-8b6c-9abd4e86dd73","20140625T01:01:05.913+0000","a6a946e5-ca00-4ac0-bfc6-b4ad9b459fda","8f2965ce-1ffb-46a2-8b6c-9abd4e86dd73","","","","","","","","","","","","","","",""
"","","Neocymodema","Neocymodema Hamid, 1975","","Neocymodema","","","","Synonym","synonym","Genus","","Hamid","1975","Y","43c692c3-70da-4680-b416-753301c33955","20140623T22:27:58.219+0000","8f2965ce-1ffb-46a2-8b6c-9abd4e86dd73","20140625T01:01:05.913+0000","","ed7702c9-5005-463c-9e6f-b3626e8e3bd7","Hamid, A.","1975","A systematic revision of the Cyminae (Heteroptera: Lygaeidae) of the world with a discussion of the morphology, biology, phylogeny and zoogeography","1-179","","Occasional Publications of the Entomological Society of Nigeria","","","","<!--MARK--><a href='nulle239f4f4-6c59-4224-a52d-a189b3c75d65' class='mouseoverHref'>Hamid, A. 1975. A systematic revision of the Cyminae (Heteroptera: Lygaeidae) of the world with a discussion of the morphology, biology, phylogeny and zoogeography.</a> <!--MARK--><!--MARK--><a href='null52d97d66-61d4-442b-8e55-572a2276cdaf' class='mouseoverHref'><em>Occasional Publications of the Entomological Society of Nigeria</em></a> <strong>14</strong>: 1-179<!--MARK-->","","Article in Journal","e239f4f4-6c59-4224-a52d-a189b3c75d65","20081009T05:11:37.000+0000","52d97d66-61d4-442b-8e55-572a2276cdaf"
"","","sulcicollis","Neocymodema sulcicollis (Bergroth, 1918)","CYMIDAE","Neocymodema","","sulcicollis","","Valid Name","","Species","","Bergroth","1918","N","769bc463-d84f-43cb-b5e1-db3373e432a9","20140623T22:27:58.219+0000","ec209812-ccdf-4d14-8044-c879fbf801d8","20140625T01:01:05.913+0000","8f2965ce-1ffb-46a2-8b6c-9abd4e86dd73","ec209812-ccdf-4d14-8044-c879fbf801d8","","","","","","","","","","","","","","",""
"","","sulcicollis","Cymus sulcicollis Bergroth, 1918","","Cymus","","sulcicollis","","Synonym","synonym","Species","","Bergroth","1918","Y","0143b284-c2fb-448d-ac21-6811ead335c9","20140623T22:27:58.219+0000","ec209812-ccdf-4d14-8044-c879fbf801d8","20140625T01:01:05.913+0000","","5195e906-3d51-4f12-b1d0-fe9d1f0eb956","Bergroth, E.","1918","Studies in Philippine Heteroptera, I","43-73, 75-126","","Philippine Journal of Science","","","","<!--MARK--><a href='null3384248d-0766-400d-92d9-d2854265d4e0' class='mouseoverHref'>Bergroth, E. 1918. Studies in Philippine Heteroptera, I.</a> <!--MARK--><!--MARK--><a href='null0347b709-e2f0-4679-8749-33668856b97f' class='mouseoverHref'><em>Philippine Journal of Science</em></a> <strong>13</strong>: 43-73, 75-126<!--MARK-->","","Article in Journal","3384248d-0766-400d-92d9-d2854265d4e0","20131004T00:00:21.065+0000","0347b709-e2f0-4679-8749-33668856b97f"
"","","Ontiscinae","Ontiscinae","CYMIDAE","","","","","Valid Name","","Subfamily","","","","Y","d2bd8ac8-f827-4dd2-8efc-1e4f6017558e","20140623T22:27:58.219+0000","cc43625f-da47-4499-8ccf-025f46bf3764","20140625T01:01:05.913+0000","5fbe7209-2303-44b0-812e-7767a8794e10","cc43625f-da47-4499-8ccf-025f46bf3764","","","","","","","","","","","","","","",""
"","","Ontiscus","Ontiscus Stål, 1874","CYMIDAE","Ontiscus","","","","Valid Name","","Genus","","Stål","1874","Y","d0716863-92eb-4586-abee-34d958b659e3","20140623T22:27:58.219+0000","25e8b816-e857-4343-ab33-49d9123b3f55","20140625T01:01:05.913+0000","cc43625f-da47-4499-8ccf-025f46bf3764","25e8b816-e857-4343-ab33-49d9123b3f55","","","","","","","","","","","","","","",""
"","","Ontiscus","Ontiscus Stål, 1874","","Ontiscus","","","","Synonym","synonym","Genus","","Stål","1874","Y","c254423f-5a21-44db-9f4e-a955e76d2f7f","20140623T22:27:58.219+0000","25e8b816-e857-4343-ab33-49d9123b3f55","20140625T01:01:05.913+0000","","343cfc15-3ec3-42e0-93d5-1323b02a15f5","Stål, C.","1874","Enumeratio Hemipterorum. Bidrag till en förteckning öfver aller hittills kända Hemiptera, jemte systematiska meddelanden. 4","1-186","","Kongliga Svenska Vetenskaps-Academiens Nya Handlingar, Stockholm","","","","<!--MARK--><a href='null26600448-bb7e-4542-93b9-6e3e59017a84' class='mouseoverHref'>Stål, C. 1874. Enumeratio Hemipterorum. Bidrag till en förteckning öfver aller hittills kända Hemiptera, jemte systematiska meddelanden. 4.</a> <!--MARK--><!--MARK--><a href='nullf145f16a-592b-484d-8689-ce403bec0970' class='mouseoverHref'><em>Kongliga Svenska Vetenskaps-Academiens Nya Handlingar, Stockholm</em></a> <strong>12</strong>(1): 1-186<!--MARK-->","","Article in Journal","26600448-bb7e-4542-93b9-6e3e59017a84","20081009T05:11:37.000+0000","f145f16a-592b-484d-8689-ce403bec0970"
"","","australis","Ontiscus australis Stål, 1874","CYMIDAE","Ontiscus","","australis","","Valid Name","","Species","","Stål","1874","Y","d0550677-2759-4d21-a607-a6883a197774","20140625T01:01:05.913+0000","2d1e1d4e-5907-44a0-9fe8-ecaaf86654cb","20140625T01:01:05.913+0000","25e8b816-e857-4343-ab33-49d9123b3f55","2d1e1d4e-5907-44a0-9fe8-ecaaf86654cb","","","","","","","","","","","","","","",""
"","","australis","Ontiscus australis Stål, 1874","","Ontiscus","","australis","","Synonym","synonym","Species","","Stål","1874","Y","2b3e7800-9f74-4684-9bf1-6801a1269001","20140623T22:27:58.219+0000","2d1e1d4e-5907-44a0-9fe8-ecaaf86654cb","20140625T01:01:05.913+0000","","6d2dea02-6461-438e-a49c-23e746d5c529","Stål, C.","1874","Enumeratio Hemipterorum. Bidrag till en förteckning öfver aller hittills kända Hemiptera, jemte systematiska meddelanden. 4","1-186","","Kongliga Svenska Vetenskaps-Academiens Nya Handlingar, Stockholm","","","","<!--MARK--><a href='null26600448-bb7e-4542-93b9-6e3e59017a84' class='mouseoverHref'>Stål, C. 1874. Enumeratio Hemipterorum. Bidrag till en förteckning öfver aller hittills kända Hemiptera, jemte systematiska meddelanden. 4.</a> <!--MARK--><!--MARK--><a href='nullf145f16a-592b-484d-8689-ce403bec0970' class='mouseoverHref'><em>Kongliga Svenska Vetenskaps-Academiens Nya Handlingar, Stockholm</em></a> <strong>12</strong>(1): 1-186<!--MARK-->","","Article in Journal","26600448-bb7e-4542-93b9-6e3e59017a84","20081009T05:11:37.000+0000","f145f16a-592b-484d-8689-ce403bec0970"
"","","barberi","Ontiscus barberi Scudder, 1957","CYMIDAE","Ontiscus","","barberi","","Valid Name","","Species","","Scudder","1957","Y","24626029-f853-42bb-acbe-6c14d5f5f615","20140623T22:27:58.219+0000","39be95ab-4be3-44f1-bac7-2a00e3ccca2a","20140625T01:01:05.913+0000","25e8b816-e857-4343-ab33-49d9123b3f55","39be95ab-4be3-44f1-bac7-2a00e3ccca2a","","","","","","","","","","","","","","",""
"","","barberi","Ontiscus barberi Scudder, 1957","","Ontiscus","","barberi","","Synonym","synonym","Species","","Scudder","1957","Y","2905fa88-f00b-437f-a177-62ebaa0a2c12","20140623T22:27:58.219+0000","39be95ab-4be3-44f1-bac7-2a00e3ccca2a","20140625T01:01:05.913+0000","","f4129c4b-cda7-4a12-8e25-642217e40624","Scudder, G.G.E.","1957","Three new species of <i>Ontiscus</i> Stål (Hem., Lygaeidae) with a generic redescription and key to species","169-171","","Entomologist's Monthly Magazine","","","","<!--MARK--><a href='nullb95d241d-e080-4cca-a156-51660632b2fd' class='mouseoverHref'>Scudder, G.G.E. 1957. Three new species of <i>Ontiscus</i> Stål (Hem., Lygaeidae) with a generic redescription and key to species.</a> <!--MARK--><!--MARK--><a href='nullcbd5c497-64d0-4fae-97ee-22719c3ca286' class='mouseoverHref'><em>Entomologist's Monthly Magazine</em></a> <strong>93</strong>: 169-171<!--MARK-->","","Article in Journal","b95d241d-e080-4cca-a156-51660632b2fd","20081009T05:11:37.000+0000","cbd5c497-64d0-4fae-97ee-22719c3ca286"
"","","brevipilus","Ontiscus brevipilus Scudder, 1957","CYMIDAE","Ontiscus","","brevipilus","","Valid Name","","Species","","Scudder","1957","Y","eb1f73cc-152d-4073-b107-7e07a74f9f63","20140625T01:01:05.913+0000","0635710b-8c9d-4a6a-a9dc-56941356abbb","20140625T01:01:05.913+0000","25e8b816-e857-4343-ab33-49d9123b3f55","0635710b-8c9d-4a6a-a9dc-56941356abbb","","","","","","","","","","","","","","",""
"","","brevipilus","Ontiscus brevipilus Scudder, 1957","","Ontiscus","","brevipilus","","Synonym","synonym","Species","","Scudder","1957","Y","6e7576f6-ede2-46e4-ba99-d0d47f1565cf","20140623T22:27:58.219+0000","0635710b-8c9d-4a6a-a9dc-56941356abbb","20140625T01:01:05.913+0000","","be96bf19-82c7-40a9-a108-1539d5e1096c","Scudder, G.G.E.","1957","Three new species of <i>Ontiscus</i> Stål (Hem., Lygaeidae) with a generic redescription and key to species","169-171","","Entomologist's Monthly Magazine","","","","<!--MARK--><a href='nullb95d241d-e080-4cca-a156-51660632b2fd' class='mouseoverHref'>Scudder, G.G.E. 1957. Three new species of <i>Ontiscus</i> Stål (Hem., Lygaeidae) with a generic redescription and key to species.</a> <!--MARK--><!--MARK--><a href='nullcbd5c497-64d0-4fae-97ee-22719c3ca286' class='mouseoverHref'><em>Entomologist's Monthly Magazine</em></a> <strong>93</strong>: 169-171<!--MARK-->","","Article in Journal","b95d241d-e080-4cca-a156-51660632b2fd","20081009T05:11:37.000+0000","cbd5c497-64d0-4fae-97ee-22719c3ca286"
"","","brevis","Ontiscus brevis Hamid, 1975","CYMIDAE","Ontiscus","","brevis","","Valid Name","","Species","","Hamid","1975","Y","36755342-8dfa-4dda-aae6-28fe13d2fd66","20140623T22:27:58.219+0000","f270375d-a2f7-47f4-96e7-c9b41b5801e5","20140625T01:01:05.913+0000","25e8b816-e857-4343-ab33-49d9123b3f55","f270375d-a2f7-47f4-96e7-c9b41b5801e5","","","","","","","","","","","","","","",""
"","","brevis","Ontiscus brevis Hamid, 1975","","Ontiscus","","brevis","","Synonym","synonym","Species","","Hamid","1975","Y","be479574-c01c-48c7-9624-85f7153210da","20140623T22:27:58.219+0000","f270375d-a2f7-47f4-96e7-c9b41b5801e5","20140625T01:01:05.913+0000","","81dadb90-b04c-47c4-8dff-3221390c36f3","Hamid, A.","1975","A systematic revision of the Cyminae (Heteroptera: Lygaeidae) of the world with a discussion of the morphology, biology, phylogeny and zoogeography","1-179","","Occasional Publications of the Entomological Society of Nigeria","","","","<!--MARK--><a href='nulle239f4f4-6c59-4224-a52d-a189b3c75d65' class='mouseoverHref'>Hamid, A. 1975. A systematic revision of the Cyminae (Heteroptera: Lygaeidae) of the world with a discussion of the morphology, biology, phylogeny and zoogeography.</a> <!--MARK--><!--MARK--><a href='null52d97d66-61d4-442b-8e55-572a2276cdaf' class='mouseoverHref'><em>Occasional Publications of the Entomological Society of Nigeria</em></a> <strong>14</strong>: 1-179<!--MARK-->","","Article in Journal","e239f4f4-6c59-4224-a52d-a189b3c75d65","20081009T05:11:37.000+0000","52d97d66-61d4-442b-8e55-572a2276cdaf"
"","","darwini","Ontiscus darwini Hamid, 1975","CYMIDAE","Ontiscus","","darwini","","Valid Name","","Species","","Hamid","1975","Y","4c9fc393-20c2-4522-a643-15bc3b1d6357","20140623T22:27:58.219+0000","5a21f4bd-2657-4d9f-936c-0cb65cb6d766","20140625T01:01:05.913+0000","25e8b816-e857-4343-ab33-49d9123b3f55","5a21f4bd-2657-4d9f-936c-0cb65cb6d766","","","","","","","","","","","","","","",""
"","","darwini","Ontiscus darwini Hamid, 1975","","Ontiscus","","darwini","","Synonym","synonym","Species","","Hamid","1975","Y","15f23b3b-ad10-4220-a67b-b1ae2915ab82","20140623T22:27:58.219+0000","5a21f4bd-2657-4d9f-936c-0cb65cb6d766","20140625T01:01:05.913+0000","","e684414e-7765-4371-8d97-c8b97dcbc1da","Hamid, A.","1975","A systematic revision of the Cyminae (Heteroptera: Lygaeidae) of the world with a discussion of the morphology, biology, phylogeny and zoogeography","1-179","","Occasional Publications of the Entomological Society of Nigeria","","","","<!--MARK--><a href='nulle239f4f4-6c59-4224-a52d-a189b3c75d65' class='mouseoverHref'>Hamid, A. 1975. A systematic revision of the Cyminae (Heteroptera: Lygaeidae) of the world with a discussion of the morphology, biology, phylogeny and zoogeography.</a> <!--MARK--><!--MARK--><a href='null52d97d66-61d4-442b-8e55-572a2276cdaf' class='mouseoverHref'><em>Occasional Publications of the Entomological Society of Nigeria</em></a> <strong>14</strong>: 1-179<!--MARK-->","","Article in Journal","e239f4f4-6c59-4224-a52d-a189b3c75d65","20081009T05:11:37.000+0000","52d97d66-61d4-442b-8e55-572a2276cdaf"
"","","obscurus","Ontiscus obscurus Scudder, 1957","CYMIDAE","Ontiscus","","obscurus","","Valid Name","","Species","","Scudder","1957","Y","439ce883-6689-4a2c-8b6b-1a095cd23269","20140625T01:01:05.913+0000","ffd26cb6-5a26-42ec-b724-1278713787ab","20140625T01:01:05.913+0000","25e8b816-e857-4343-ab33-49d9123b3f55","ffd26cb6-5a26-42ec-b724-1278713787ab","","","","","","","","","","","","","","",""
"","","obscurus","Ontiscus obscurus Scudder, 1957","","Ontiscus","","obscurus","","Synonym","synonym","Species","","Scudder","1957","Y","131c65ad-3300-476e-9c53-35c8723de317","20140623T22:27:58.219+0000","ffd26cb6-5a26-42ec-b724-1278713787ab","20140625T01:01:05.913+0000","","a436ae7b-3f3a-4131-ab8b-6f6227c30a25","Scudder, G.G.E.","1957","Three new species of <i>Ontiscus</i> Stål (Hem., Lygaeidae) with a generic redescription and key to species","169-171","","Entomologist's Monthly Magazine","","","","<!--MARK--><a href='nullb95d241d-e080-4cca-a156-51660632b2fd' class='mouseoverHref'>Scudder, G.G.E. 1957. Three new species of <i>Ontiscus</i> Stål (Hem., Lygaeidae) with a generic redescription and key to species.</a> <!--MARK--><!--MARK--><a href='nullcbd5c497-64d0-4fae-97ee-22719c3ca286' class='mouseoverHref'><em>Entomologist's Monthly Magazine</em></a> <strong>93</strong>: 169-171<!--MARK-->","","Article in Journal","b95d241d-e080-4cca-a156-51660632b2fd","20081009T05:11:37.000+0000","cbd5c497-64d0-4fae-97ee-22719c3ca286"
"","","vitiensis","Ontiscus vitiensis Kirkaldy, 1908","CYMIDAE","Ontiscus","","vitiensis","","Valid Name","","Species","","Kirkaldy","1908","Y","71b64a7d-f896-4fce-ae18-6e92e3cfe2f5","20140623T22:27:58.219+0000","a26c6dec-b577-455b-9078-802a50c297ea","20140625T01:01:05.913+0000","25e8b816-e857-4343-ab33-49d9123b3f55","a26c6dec-b577-455b-9078-802a50c297ea","","","","","","","","","","","","","","",""
"","","vitiensis","Ontiscus vitiensis Kirkaldy, 1908","","Ontiscus","","vitiensis","","Synonym","synonym","Species","","Kirkaldy","1908","Y","865e11b0-a3b9-4e4d-b824-5d561b8cc4ec","20140623T22:27:58.219+0000","a26c6dec-b577-455b-9078-802a50c297ea","20140625T01:01:05.913+0000","","b6b95742-886b-41ba-8582-6c4b5b696ccd","Kirkaldy, G.W.","1908","A catalogue of the Hemiptera of Fiji","345-391 pl. IV","","Proceedings of the Linnean Society of New South Wales","","","","<!--MARK--><a href='null40d8d2f3-0bd3-459f-a821-4bdfe02e14b4' class='mouseoverHref'>Kirkaldy, G.W. 1908. A catalogue of the Hemiptera of Fiji.</a> <!--MARK--><!--MARK--><a href='nullc12cd779-adb5-41ea-bd2c-75f6864cf22e' class='mouseoverHref'><em>Proceedings of the Linnean Society of New South Wales</em></a> <strong>33</strong>: 345-391 pl. IV<!--MARK-->","","Article in Journal","40d8d2f3-0bd3-459f-a821-4bdfe02e14b4","20081009T05:11:37.000+0000","c12cd779-adb5-41ea-bd2c-75f6864cf22e"
