"CAVS_CODE","CAAB_CODE","NAMES_VARIOUS","SCIENTIFIC_NAME","FAMILY","GENUS","SUBGENUS","SPECIES","SUBSPECIES","NAME_TYPE","NAME_SUBTYPE","RANK","QUALIFICATION","AUTHOR","YEAR","ORIG_COMBINATION","NAME_GUID","NAME_LAST_UPDATE","TAXON_GUID","TAXON_LAST_UPDATE","PARENT_TAXON_GUID","CONCEPT_GUID","PUB_PUB_AUTHOR","PUB_PUB_YEAR","PUB_PUB_TITLE","PUB_PUB_PAGES","PUB_PUB_PARENT_BOOK_TITLE","PUB_PUB_PARENT_JOURNAL_TITLE","PUB_PUB_PARENT_ARTICLE_TITLE","PUB_PUB_PUBLICATION_DATE","PUB_PUB_PUBLISHER","PUB_PUB_FORMATTED","PUB_PUB_QUALIFICATION","PUB_PUB_TYPE","PUBLICATION_GUID","PUBLICATION_LAST_UPDATE","PARENT_PUBLICATION_GUID"
"","","SELENOPIDAE","SELENOPIDAE Simon, 1897","SELENOPIDAE","","","","","Valid Name","","Family","","Simon","1897","Y","39af1b60-e24a-4f9c-a81b-fde07ef3c6ff","20170906T03:35:09.731+0000","bfb3b4a5-3576-458d-9ce8-dbdd0abf6f27","20170928T04:05:53.689+0000","90d39dc7-2307-4780-a26a-b4f97afbe27a","bfb3b4a5-3576-458d-9ce8-dbdd0abf6f27","","","","","","","","","","","","","","",""
"","","Selenopinae","Selenopinae Simon, 1897","","","","","","Synonym","synonym","Family","","Simon","1897","Y","cd7f0187-fa7a-4896-97fe-02ba79b96f51","20170906T03:35:09.731+0000","bfb3b4a5-3576-458d-9ce8-dbdd0abf6f27","20170928T04:05:53.689+0000","","a25a4c32-8e45-4867-a14f-b24d7ca0fd3b","Simon, E.","1897","Histoire naturelle des araignées","1-192 200 figs","","","","","","<!--MARK--><a href='null3674b493-4e6e-4648-88ac-d31ba59ad1cb' class='mouseoverHref'>Simon, E. 1897. <em>Histoire naturelle des araignées</em>. Paris Vol. II pp. 1-192 200 figs.</a><!--MARK-->","","Book","3674b493-4e6e-4648-88ac-d31ba59ad1cb","20081009T05:11:37.000+0000",""
"","","Karaops","Karaops Crews & Harvey, 2011","SELENOPIDAE","Karaops","","","","Valid Name","","Genus","","Crews & Harvey","2011","Y","c8982024-381b-49dd-a4ad-461b8d8472f4","20170906T03:35:09.731+0000","062204ef-fd5a-4b31-80ad-fb91e983ab62","20170928T04:05:53.689+0000","bfb3b4a5-3576-458d-9ce8-dbdd0abf6f27","062204ef-fd5a-4b31-80ad-fb91e983ab62","","","","","","","","","","","","","","",""
"","","Karaops","Karaops Crews & Harvey, 2011","","Karaops","","","","Synonym","synonym","Genus","","Crews & Harvey","2011","Y","90b5dfb6-a465-4aab-885b-43aafd6f10be","20170906T03:35:09.731+0000","062204ef-fd5a-4b31-80ad-fb91e983ab62","20170928T04:05:53.689+0000","","d69fb924-d7b4-499d-81ee-9fc677102df1","Crews, S. & Harvey, M.S.","2011","The spider family Selenopidae (Arachnida, Araneae) in Australasia and the Oriental Region","1-103","","ZooKeys","","19 May 2011","","<!--MARK--><a href='null408066d2-4865-47d1-b111-19daa9934a3c' class='mouseoverHref'>Crews, S. & Harvey, M.S. 2011. The spider family Selenopidae (Arachnida, Araneae) in Australasia and the Oriental Region.</a> <!--MARK--><!--MARK--><a href='null8cb7bef9-51f4-441c-a060-649dc8095e71' class='mouseoverHref'><em>ZooKeys</em></a> <strong>99</strong>: 1-103<!--MARK--> [Date published 19 May 2011]","","Article in Journal","408066d2-4865-47d1-b111-19daa9934a3c","20120618T03:41:45.938+0000","8cb7bef9-51f4-441c-a060-649dc8095e71"
"","","australiensis","Karaops australiensis (L. Koch, 1875)","SELENOPIDAE","Karaops","","australiensis","","Valid Name","","Species","","L. Koch","1875","N","dfa5b250-df8f-4fbd-841b-047e76fb3b2a","20170906T03:35:09.731+0000","2ac752b2-b576-4f91-94f6-6937243d830f","20170928T04:05:53.689+0000","062204ef-fd5a-4b31-80ad-fb91e983ab62","2ac752b2-b576-4f91-94f6-6937243d830f","","","","","","","","","","","","","","",""
"","","australiensis","Selenops australiensis L. Koch, 1875","","Selenops","","australiensis","","Synonym","synonym","Species","as <I>Selenops Australiensis</I>","L. Koch","1875","Y","ab883506-0020-4e39-8aa4-951a9b5a2e95","20170906T03:35:09.731+0000","2ac752b2-b576-4f91-94f6-6937243d830f","20170928T04:05:53.689+0000","","4e612096-898a-4988-a238-1295e8e4e5b7","Koch, L. in Koch, L. & Keyserling, E. [1871-1883]","1875","Die Arachniden Australiens","","","","","","Bauer & Raspe","<!--MARK--><a href='nullecc3aaba-b979-4e7f-b3e9-b92c24debf6d' class='mouseoverHref'>Koch, L. <i>in</i> Koch, L. & Keyserling, E. [1871-1883] 1875. <em>Die Arachniden Australiens</em>. Nürnberg : Bauer & Raspe Vol. 1.</a><!--MARK-->","","Book","ecc3aaba-b979-4e7f-b3e9-b92c24debf6d","20120619T00:24:45.109+0000",""
"","","australiensis","Karaops australiensis (L. Koch, 1875)","","Karaops","","australiensis","","Generic Combination","","Species","","L. Koch","1875","N","8386e779-12c4-4273-8fce-5e337f9fa823","20170906T03:35:09.731+0000","2ac752b2-b576-4f91-94f6-6937243d830f","20170928T04:05:53.689+0000","","c803f119-c680-4a3e-bc50-8c301cd6b2b1","Crews, S. & Harvey, M.S.","2011","The spider family Selenopidae (Arachnida, Araneae) in Australasia and the Oriental Region","1-103","","ZooKeys","","19 May 2011","","<!--MARK--><a href='null408066d2-4865-47d1-b111-19daa9934a3c' class='mouseoverHref'>Crews, S. & Harvey, M.S. 2011. The spider family Selenopidae (Arachnida, Araneae) in Australasia and the Oriental Region.</a> <!--MARK--><!--MARK--><a href='null8cb7bef9-51f4-441c-a060-649dc8095e71' class='mouseoverHref'><em>ZooKeys</em></a> <strong>99</strong>: 1-103<!--MARK--> [Date published 19 May 2011]","","Article in Journal","408066d2-4865-47d1-b111-19daa9934a3c","20120618T03:41:45.938+0000","8cb7bef9-51f4-441c-a060-649dc8095e71"
"","","alanlongbottomi","Karaops alanlongbottomi Crews & Harvey, 2011","SELENOPIDAE","Karaops","","alanlongbottomi","","Valid Name","","Species","","Crews & Harvey","2011","Y","b41f203a-2abf-4528-a262-ec9ca5da0fe6","20170906T03:35:09.731+0000","d9379fe1-bd7f-45ae-855b-fc3d05740076","20170928T04:05:53.689+0000","062204ef-fd5a-4b31-80ad-fb91e983ab62","d9379fe1-bd7f-45ae-855b-fc3d05740076","","","","","","","","","","","","","","",""
"","","alanlongbottomi","Karaops alanlongbottomi Crews & Harvey, 2011","","Karaops","","alanlongbottomi","","Synonym","synonym","Species","","Crews & Harvey","2011","Y","aa34c21f-4636-4e88-9f2b-ea6468a15029","20170906T03:35:09.731+0000","d9379fe1-bd7f-45ae-855b-fc3d05740076","20170928T04:05:53.689+0000","","ad6191a6-eeed-46ee-ab77-9bf3a0115dbf","Crews, S. & Harvey, M.S.","2011","The spider family Selenopidae (Arachnida, Araneae) in Australasia and the Oriental Region","1-103","","ZooKeys","","19 May 2011","","<!--MARK--><a href='null408066d2-4865-47d1-b111-19daa9934a3c' class='mouseoverHref'>Crews, S. & Harvey, M.S. 2011. The spider family Selenopidae (Arachnida, Araneae) in Australasia and the Oriental Region.</a> <!--MARK--><!--MARK--><a href='null8cb7bef9-51f4-441c-a060-649dc8095e71' class='mouseoverHref'><em>ZooKeys</em></a> <strong>99</strong>: 1-103<!--MARK--> [Date published 19 May 2011]","","Article in Journal","408066d2-4865-47d1-b111-19daa9934a3c","20120618T03:41:45.938+0000","8cb7bef9-51f4-441c-a060-649dc8095e71"
"","","badgeradda","Karaops badgeradda Crews & Harvey, 2011","SELENOPIDAE","Karaops","","badgeradda","","Valid Name","","Species","","Crews & Harvey","2011","Y","d8802692-6a8e-4ea8-821f-89a843b0e949","20170906T03:35:09.731+0000","1e47bee5-7eb6-43d7-8b65-bd360bd767ac","20170928T04:05:53.689+0000","062204ef-fd5a-4b31-80ad-fb91e983ab62","1e47bee5-7eb6-43d7-8b65-bd360bd767ac","","","","","","","","","","","","","","",""
"","","badgeradda","Karaops badgeradda Crews & Harvey, 2011","","Karaops","","badgeradda","","Synonym","synonym","Species","","Crews & Harvey","2011","Y","e0ce0e3a-c596-4fa7-bd02-7133e1356245","20170906T03:35:09.731+0000","1e47bee5-7eb6-43d7-8b65-bd360bd767ac","20170928T04:05:53.689+0000","","81782a1c-d1fa-4a84-b07e-13e1d211ea10","Crews, S. & Harvey, M.S.","2011","The spider family Selenopidae (Arachnida, Araneae) in Australasia and the Oriental Region","1-103","","ZooKeys","","19 May 2011","","<!--MARK--><a href='null408066d2-4865-47d1-b111-19daa9934a3c' class='mouseoverHref'>Crews, S. & Harvey, M.S. 2011. The spider family Selenopidae (Arachnida, Araneae) in Australasia and the Oriental Region.</a> <!--MARK--><!--MARK--><a href='null8cb7bef9-51f4-441c-a060-649dc8095e71' class='mouseoverHref'><em>ZooKeys</em></a> <strong>99</strong>: 1-103<!--MARK--> [Date published 19 May 2011]","","Article in Journal","408066d2-4865-47d1-b111-19daa9934a3c","20120618T03:41:45.938+0000","8cb7bef9-51f4-441c-a060-649dc8095e71"
"","","burbidgei","Karaops burbidgei Crews & Harvey, 2011","SELENOPIDAE","Karaops","","burbidgei","","Valid Name","","Species","","Crews & Harvey","2011","Y","82e4667a-d584-4104-8a3e-4a4ddd09c57f","20170906T03:35:09.731+0000","a669f649-5387-49ce-85de-bb53ecee9517","20170928T04:05:53.689+0000","062204ef-fd5a-4b31-80ad-fb91e983ab62","a669f649-5387-49ce-85de-bb53ecee9517","","","","","","","","","","","","","","",""
"","","burbidgei","Karaops burbidgei Crews & Harvey, 2011","","Karaops","","burbidgei","","Synonym","synonym","Species","","Crews & Harvey","2011","Y","944e8887-4473-4ce3-bf4f-4383019fe038","20170906T03:35:09.731+0000","a669f649-5387-49ce-85de-bb53ecee9517","20170928T04:05:53.689+0000","","cd56a92b-d6d5-445e-9c5c-8d715e026db1","Crews, S. & Harvey, M.S.","2011","The spider family Selenopidae (Arachnida, Araneae) in Australasia and the Oriental Region","1-103","","ZooKeys","","19 May 2011","","<!--MARK--><a href='null408066d2-4865-47d1-b111-19daa9934a3c' class='mouseoverHref'>Crews, S. & Harvey, M.S. 2011. The spider family Selenopidae (Arachnida, Araneae) in Australasia and the Oriental Region.</a> <!--MARK--><!--MARK--><a href='null8cb7bef9-51f4-441c-a060-649dc8095e71' class='mouseoverHref'><em>ZooKeys</em></a> <strong>99</strong>: 1-103<!--MARK--> [Date published 19 May 2011]","","Article in Journal","408066d2-4865-47d1-b111-19daa9934a3c","20120618T03:41:45.938+0000","8cb7bef9-51f4-441c-a060-649dc8095e71"
"","","dawara","Karaops dawara Crews & Harvey, 2011","SELENOPIDAE","Karaops","","dawara","","Valid Name","","Species","","Crews & Harvey","2011","Y","85ce8d2b-1073-4014-b982-f3c8196aa6a1","20170906T03:35:09.731+0000","8213b202-cb18-4284-8516-91924f1d0fdd","20170928T04:05:53.689+0000","062204ef-fd5a-4b31-80ad-fb91e983ab62","8213b202-cb18-4284-8516-91924f1d0fdd","","","","","","","","","","","","","","",""
"","","dawara","Karaops dawara Crews & Harvey, 2011","","Karaops","","dawara","","Synonym","synonym","Species","","Crews & Harvey","2011","Y","1e41acb5-6880-464f-bdd6-823e524b893e","20170906T03:35:09.731+0000","8213b202-cb18-4284-8516-91924f1d0fdd","20170928T04:05:53.689+0000","","b317a673-7e1b-4e74-acba-f3f98beffb59","Crews, S. & Harvey, M.S.","2011","The spider family Selenopidae (Arachnida, Araneae) in Australasia and the Oriental Region","1-103","","ZooKeys","","19 May 2011","","<!--MARK--><a href='null408066d2-4865-47d1-b111-19daa9934a3c' class='mouseoverHref'>Crews, S. & Harvey, M.S. 2011. The spider family Selenopidae (Arachnida, Araneae) in Australasia and the Oriental Region.</a> <!--MARK--><!--MARK--><a href='null8cb7bef9-51f4-441c-a060-649dc8095e71' class='mouseoverHref'><em>ZooKeys</em></a> <strong>99</strong>: 1-103<!--MARK--> [Date published 19 May 2011]","","Article in Journal","408066d2-4865-47d1-b111-19daa9934a3c","20120618T03:41:45.938+0000","8cb7bef9-51f4-441c-a060-649dc8095e71"
"","","deserticola","Karaops deserticola Crews & Harvey, 2011","SELENOPIDAE","Karaops","","deserticola","","Valid Name","","Species","","Crews & Harvey","2011","Y","51b1d66b-5949-473e-8efa-686716b735b0","20170906T03:35:09.731+0000","0d58bfa7-e021-4424-bd9a-42231e464339","20170928T04:05:53.689+0000","062204ef-fd5a-4b31-80ad-fb91e983ab62","0d58bfa7-e021-4424-bd9a-42231e464339","","","","","","","","","","","","","","",""
"","","deserticola","Karaops deserticola Crews & Harvey, 2011","","Karaops","","deserticola","","Synonym","synonym","Species","","Crews & Harvey","2011","Y","3f54c232-4162-4e7b-af46-1d4229bd9aa4","20170906T03:35:09.731+0000","0d58bfa7-e021-4424-bd9a-42231e464339","20170928T04:05:53.689+0000","","309f236a-9110-4280-bb83-d252619a0995","Crews, S. & Harvey, M.S.","2011","The spider family Selenopidae (Arachnida, Araneae) in Australasia and the Oriental Region","1-103","","ZooKeys","","19 May 2011","","<!--MARK--><a href='null408066d2-4865-47d1-b111-19daa9934a3c' class='mouseoverHref'>Crews, S. & Harvey, M.S. 2011. The spider family Selenopidae (Arachnida, Araneae) in Australasia and the Oriental Region.</a> <!--MARK--><!--MARK--><a href='null8cb7bef9-51f4-441c-a060-649dc8095e71' class='mouseoverHref'><em>ZooKeys</em></a> <strong>99</strong>: 1-103<!--MARK--> [Date published 19 May 2011]","","Article in Journal","408066d2-4865-47d1-b111-19daa9934a3c","20120618T03:41:45.938+0000","8cb7bef9-51f4-441c-a060-649dc8095e71"
"","","ellenae","Karaops ellenae Crews & Harvey, 2011","SELENOPIDAE","Karaops","","ellenae","","Valid Name","","Species","","Crews & Harvey","2011","Y","f4b065c5-38b3-4f72-afb7-c245a6a74eeb","20170906T03:35:09.731+0000","9f1de67b-8b96-43e0-929f-8ecbd4c9a56e","20170928T04:05:53.689+0000","062204ef-fd5a-4b31-80ad-fb91e983ab62","9f1de67b-8b96-43e0-929f-8ecbd4c9a56e","","","","","","","","","","","","","","",""
"","","ellenae","Karaops ellenae Crews & Harvey, 2011","","Karaops","","ellenae","","Synonym","synonym","Species","","Crews & Harvey","2011","Y","8a27a61f-1912-4ad1-b321-50f52b0c8702","20170906T03:35:09.731+0000","9f1de67b-8b96-43e0-929f-8ecbd4c9a56e","20170928T04:05:53.689+0000","","e44bb9b6-cb0e-460c-88c8-bace5b49609c","Crews, S. & Harvey, M.S.","2011","The spider family Selenopidae (Arachnida, Araneae) in Australasia and the Oriental Region","1-103","","ZooKeys","","19 May 2011","","<!--MARK--><a href='null408066d2-4865-47d1-b111-19daa9934a3c' class='mouseoverHref'>Crews, S. & Harvey, M.S. 2011. The spider family Selenopidae (Arachnida, Araneae) in Australasia and the Oriental Region.</a> <!--MARK--><!--MARK--><a href='null8cb7bef9-51f4-441c-a060-649dc8095e71' class='mouseoverHref'><em>ZooKeys</em></a> <strong>99</strong>: 1-103<!--MARK--> [Date published 19 May 2011]","","Article in Journal","408066d2-4865-47d1-b111-19daa9934a3c","20120618T03:41:45.938+0000","8cb7bef9-51f4-441c-a060-649dc8095e71"
"","","francesae","Karaops francesae Crews & Harvey, 2011","SELENOPIDAE","Karaops","","francesae","","Valid Name","","Species","","Crews & Harvey","2011","Y","92541fd1-7c15-48c6-a03f-1b93471f43fe","20170906T03:35:09.731+0000","c32bebd5-7fa2-4177-847b-525eb7ab5a37","20170928T04:05:53.689+0000","062204ef-fd5a-4b31-80ad-fb91e983ab62","c32bebd5-7fa2-4177-847b-525eb7ab5a37","","","","","","","","","","","","","","",""
"","","francesae","Karaops francesae Crews & Harvey, 2011","","Karaops","","francesae","","Synonym","synonym","Species","","Crews & Harvey","2011","Y","a6a83ff3-5771-49e8-b143-3b667c4962fe","20170906T03:35:09.731+0000","c32bebd5-7fa2-4177-847b-525eb7ab5a37","20170928T04:05:53.689+0000","","c7eddad5-39b1-41f3-af71-4e9bcfe728f3","Crews, S. & Harvey, M.S.","2011","The spider family Selenopidae (Arachnida, Araneae) in Australasia and the Oriental Region","1-103","","ZooKeys","","19 May 2011","","<!--MARK--><a href='null408066d2-4865-47d1-b111-19daa9934a3c' class='mouseoverHref'>Crews, S. & Harvey, M.S. 2011. The spider family Selenopidae (Arachnida, Araneae) in Australasia and the Oriental Region.</a> <!--MARK--><!--MARK--><a href='null8cb7bef9-51f4-441c-a060-649dc8095e71' class='mouseoverHref'><em>ZooKeys</em></a> <strong>99</strong>: 1-103<!--MARK--> [Date published 19 May 2011]","","Article in Journal","408066d2-4865-47d1-b111-19daa9934a3c","20120618T03:41:45.938+0000","8cb7bef9-51f4-441c-a060-649dc8095e71"
"","","gangarie","Karaops gangarie Crews & Harvey, 2011","SELENOPIDAE","Karaops","","gangarie","","Valid Name","","Species","","Crews & Harvey","2011","Y","58c1cf21-a227-464d-b343-2abd20b8fefa","20170906T03:35:09.731+0000","579dfd1d-cd6a-4fd8-9b24-2a2d09e3448f","20170928T04:05:53.689+0000","062204ef-fd5a-4b31-80ad-fb91e983ab62","579dfd1d-cd6a-4fd8-9b24-2a2d09e3448f","","","","","","","","","","","","","","",""
"","","gangarie","Karaops gangarie Crews & Harvey, 2011","","Karaops","","gangarie","","Synonym","synonym","Species","","Crews & Harvey","2011","Y","7b855c38-10ad-4dc9-8ae3-d6f9c5ec0f13","20170906T03:35:09.731+0000","579dfd1d-cd6a-4fd8-9b24-2a2d09e3448f","20170928T04:05:53.689+0000","","dac9d0d3-083c-4b37-8568-742463936c23","Crews, S. & Harvey, M.S.","2011","The spider family Selenopidae (Arachnida, Araneae) in Australasia and the Oriental Region","1-103","","ZooKeys","","19 May 2011","","<!--MARK--><a href='null408066d2-4865-47d1-b111-19daa9934a3c' class='mouseoverHref'>Crews, S. & Harvey, M.S. 2011. The spider family Selenopidae (Arachnida, Araneae) in Australasia and the Oriental Region.</a> <!--MARK--><!--MARK--><a href='null8cb7bef9-51f4-441c-a060-649dc8095e71' class='mouseoverHref'><em>ZooKeys</em></a> <strong>99</strong>: 1-103<!--MARK--> [Date published 19 May 2011]","","Article in Journal","408066d2-4865-47d1-b111-19daa9934a3c","20120618T03:41:45.938+0000","8cb7bef9-51f4-441c-a060-649dc8095e71"
"","","jarrit","Karaops jarrit Crews & Harvey, 2011","SELENOPIDAE","Karaops","","jarrit","","Valid Name","","Species","","Crews & Harvey","2011","Y","db0b037e-1314-4a30-9b57-161c5785ec7b","20170906T03:35:09.731+0000","67000419-f0a0-4f72-8ed4-e9fc2a277465","20170928T04:05:53.689+0000","062204ef-fd5a-4b31-80ad-fb91e983ab62","67000419-f0a0-4f72-8ed4-e9fc2a277465","","","","","","","","","","","","","","",""
"","","jarrit","Karaops jarrit Crews & Harvey, 2011","","Karaops","","jarrit","","Synonym","synonym","Species","","Crews & Harvey","2011","Y","d86c1ddd-7eba-431a-b8c8-d4fcba75ec02","20170906T03:35:09.731+0000","67000419-f0a0-4f72-8ed4-e9fc2a277465","20170928T04:05:53.689+0000","","4f01bb93-66a5-4a8d-af66-5f74f853250f","Crews, S. & Harvey, M.S.","2011","The spider family Selenopidae (Arachnida, Araneae) in Australasia and the Oriental Region","1-103","","ZooKeys","","19 May 2011","","<!--MARK--><a href='null408066d2-4865-47d1-b111-19daa9934a3c' class='mouseoverHref'>Crews, S. & Harvey, M.S. 2011. The spider family Selenopidae (Arachnida, Araneae) in Australasia and the Oriental Region.</a> <!--MARK--><!--MARK--><a href='null8cb7bef9-51f4-441c-a060-649dc8095e71' class='mouseoverHref'><em>ZooKeys</em></a> <strong>99</strong>: 1-103<!--MARK--> [Date published 19 May 2011]","","Article in Journal","408066d2-4865-47d1-b111-19daa9934a3c","20120618T03:41:45.938+0000","8cb7bef9-51f4-441c-a060-649dc8095e71"
"","","jenniferae","Karaops jenniferae Crews & Harvey, 2011","SELENOPIDAE","Karaops","","jenniferae","","Valid Name","","Species","","Crews & Harvey","2011","Y","5b486e3a-46a7-43f9-8507-5425c30a8712","20170906T03:35:09.731+0000","4a7a11a8-f6c3-470e-82dd-3eac9708b6e4","20170928T04:05:53.689+0000","062204ef-fd5a-4b31-80ad-fb91e983ab62","4a7a11a8-f6c3-470e-82dd-3eac9708b6e4","","","","","","","","","","","","","","",""
"","","jenniferae","Karaops jenniferae Crews & Harvey, 2011","","Karaops","","jenniferae","","Synonym","synonym","Species","","Crews & Harvey","2011","Y","fa88591b-83aa-402d-9558-d76d4f4e05ba","20170906T03:35:09.731+0000","4a7a11a8-f6c3-470e-82dd-3eac9708b6e4","20170928T04:05:53.689+0000","","7b8a3583-f96b-4a3c-ab19-5d1c1337ec26","Crews, S. & Harvey, M.S.","2011","The spider family Selenopidae (Arachnida, Araneae) in Australasia and the Oriental Region","1-103","","ZooKeys","","19 May 2011","","<!--MARK--><a href='null408066d2-4865-47d1-b111-19daa9934a3c' class='mouseoverHref'>Crews, S. & Harvey, M.S. 2011. The spider family Selenopidae (Arachnida, Araneae) in Australasia and the Oriental Region.</a> <!--MARK--><!--MARK--><a href='null8cb7bef9-51f4-441c-a060-649dc8095e71' class='mouseoverHref'><em>ZooKeys</em></a> <strong>99</strong>: 1-103<!--MARK--> [Date published 19 May 2011]","","Article in Journal","408066d2-4865-47d1-b111-19daa9934a3c","20120618T03:41:45.938+0000","8cb7bef9-51f4-441c-a060-649dc8095e71"
"","","julianneae","Karaops julianneae Crews & Harvey, 2011","SELENOPIDAE","Karaops","","julianneae","","Valid Name","","Species","","Crews & Harvey","2011","Y","78c571f5-9511-4288-b9da-446f9cc06d1a","20170906T03:35:09.731+0000","acf393ed-9741-4454-b60a-6edb51863b29","20170928T04:05:53.689+0000","062204ef-fd5a-4b31-80ad-fb91e983ab62","acf393ed-9741-4454-b60a-6edb51863b29","","","","","","","","","","","","","","",""
"","","julianneae","Karaops julianneae Crews & Harvey, 2011","","Karaops","","julianneae","","Synonym","synonym","Species","","Crews & Harvey","2011","Y","b5c9e5bc-3188-4dcd-abe2-a8a7348e822b","20170906T03:35:09.731+0000","acf393ed-9741-4454-b60a-6edb51863b29","20170928T04:05:53.689+0000","","f5fc94b9-4dc1-4bba-801c-5472e0bc5c20","Crews, S. & Harvey, M.S.","2011","The spider family Selenopidae (Arachnida, Araneae) in Australasia and the Oriental Region","1-103","","ZooKeys","","19 May 2011","","<!--MARK--><a href='null408066d2-4865-47d1-b111-19daa9934a3c' class='mouseoverHref'>Crews, S. & Harvey, M.S. 2011. The spider family Selenopidae (Arachnida, Araneae) in Australasia and the Oriental Region.</a> <!--MARK--><!--MARK--><a href='null8cb7bef9-51f4-441c-a060-649dc8095e71' class='mouseoverHref'><em>ZooKeys</em></a> <strong>99</strong>: 1-103<!--MARK--> [Date published 19 May 2011]","","Article in Journal","408066d2-4865-47d1-b111-19daa9934a3c","20120618T03:41:45.938+0000","8cb7bef9-51f4-441c-a060-649dc8095e71"
"","","karrawarla","Karaops karrawarla Crews & Harvey, 2011","SELENOPIDAE","Karaops","","karrawarla","","Valid Name","","Species","","Crews & Harvey","2011","Y","6bf767ef-cd37-40c0-9e6f-75ca148155b3","20170906T03:35:09.731+0000","e965be60-1008-4a85-9b21-001d9c275034","20170928T04:05:53.689+0000","062204ef-fd5a-4b31-80ad-fb91e983ab62","e965be60-1008-4a85-9b21-001d9c275034","","","","","","","","","","","","","","",""
"","","karrawarla","Karaops karrawarla Crews & Harvey, 2011","","Karaops","","karrawarla","","Synonym","synonym","Species","","Crews & Harvey","2011","Y","6d2ed384-23ea-4cd6-9d56-ff2d2941a965","20170906T03:35:09.731+0000","e965be60-1008-4a85-9b21-001d9c275034","20170928T04:05:53.689+0000","","eb4dade2-1d5f-48cc-a39a-3d9598af9076","Crews, S. & Harvey, M.S.","2011","The spider family Selenopidae (Arachnida, Araneae) in Australasia and the Oriental Region","1-103","","ZooKeys","","19 May 2011","","<!--MARK--><a href='null408066d2-4865-47d1-b111-19daa9934a3c' class='mouseoverHref'>Crews, S. & Harvey, M.S. 2011. The spider family Selenopidae (Arachnida, Araneae) in Australasia and the Oriental Region.</a> <!--MARK--><!--MARK--><a href='null8cb7bef9-51f4-441c-a060-649dc8095e71' class='mouseoverHref'><em>ZooKeys</em></a> <strong>99</strong>: 1-103<!--MARK--> [Date published 19 May 2011]","","Article in Journal","408066d2-4865-47d1-b111-19daa9934a3c","20120618T03:41:45.938+0000","8cb7bef9-51f4-441c-a060-649dc8095e71"
"","","keithlongbottomi","Karaops keithlongbottomi Crews & Harvey, 2011","SELENOPIDAE","Karaops","","keithlongbottomi","","Valid Name","","Species","","Crews & Harvey","2011","Y","c514b3a4-6906-4413-aae9-26e136ff4bf9","20170906T03:35:09.731+0000","1a6c2423-71bc-4aaf-8bd6-188a1b21b605","20170928T04:05:53.689+0000","062204ef-fd5a-4b31-80ad-fb91e983ab62","1a6c2423-71bc-4aaf-8bd6-188a1b21b605","","","","","","","","","","","","","","",""
"","","keithlongbottomi","Karaops keithlongbottomi Crews & Harvey, 2011","","Karaops","","keithlongbottomi","","Synonym","synonym","Species","","Crews & Harvey","2011","Y","1d5213ca-f5f6-4b31-b1ce-5cb36ee625d7","20170906T03:35:09.731+0000","1a6c2423-71bc-4aaf-8bd6-188a1b21b605","20170928T04:05:53.689+0000","","37eafba7-8c8d-4351-a083-1a9d7834aa42","Crews, S. & Harvey, M.S.","2011","The spider family Selenopidae (Arachnida, Araneae) in Australasia and the Oriental Region","1-103","","ZooKeys","","19 May 2011","","<!--MARK--><a href='null408066d2-4865-47d1-b111-19daa9934a3c' class='mouseoverHref'>Crews, S. & Harvey, M.S. 2011. The spider family Selenopidae (Arachnida, Araneae) in Australasia and the Oriental Region.</a> <!--MARK--><!--MARK--><a href='null8cb7bef9-51f4-441c-a060-649dc8095e71' class='mouseoverHref'><em>ZooKeys</em></a> <strong>99</strong>: 1-103<!--MARK--> [Date published 19 May 2011]","","Article in Journal","408066d2-4865-47d1-b111-19daa9934a3c","20120618T03:41:45.938+0000","8cb7bef9-51f4-441c-a060-649dc8095e71"
"","","larryoo","Karaops larryoo Crews & Harvey, 2011","SELENOPIDAE","Karaops","","larryoo","","Valid Name","","Species","","Crews & Harvey","2011","Y","b0d41e03-69d1-434b-b031-97c4f02c2727","20170906T03:35:09.731+0000","9e207f14-94f3-4018-a84b-d70b498467fc","20170928T04:05:53.689+0000","062204ef-fd5a-4b31-80ad-fb91e983ab62","9e207f14-94f3-4018-a84b-d70b498467fc","","","","","","","","","","","","","","",""
"","","larryoo","Karaops larryoo Crews & Harvey, 2011","","Karaops","","larryoo","","Synonym","synonym","Species","","Crews & Harvey","2011","Y","f4ebed26-4b93-49d3-9c19-485912f52f55","20170906T03:35:09.731+0000","9e207f14-94f3-4018-a84b-d70b498467fc","20170928T04:05:53.689+0000","","5a4c9d5b-16db-4b96-860b-50b2a5eb0b5a","Crews, S. & Harvey, M.S.","2011","The spider family Selenopidae (Arachnida, Araneae) in Australasia and the Oriental Region","1-103","","ZooKeys","","19 May 2011","","<!--MARK--><a href='null408066d2-4865-47d1-b111-19daa9934a3c' class='mouseoverHref'>Crews, S. & Harvey, M.S. 2011. The spider family Selenopidae (Arachnida, Araneae) in Australasia and the Oriental Region.</a> <!--MARK--><!--MARK--><a href='null8cb7bef9-51f4-441c-a060-649dc8095e71' class='mouseoverHref'><em>ZooKeys</em></a> <strong>99</strong>: 1-103<!--MARK--> [Date published 19 May 2011]","","Article in Journal","408066d2-4865-47d1-b111-19daa9934a3c","20120618T03:41:45.938+0000","8cb7bef9-51f4-441c-a060-649dc8095e71"
"","","manaayn","Karaops manaayn Crews & Harvey, 2011","SELENOPIDAE","Karaops","","manaayn","","Valid Name","","Species","","Crews & Harvey","2011","Y","de9a0e7f-c83f-4b5d-8104-84ea45e3580a","20170906T03:35:09.731+0000","87a3e71b-d1d1-4dc1-995b-6ac0eb05a6ce","20170928T04:05:53.689+0000","062204ef-fd5a-4b31-80ad-fb91e983ab62","87a3e71b-d1d1-4dc1-995b-6ac0eb05a6ce","","","","","","","","","","","","","","",""
"","","manaayn","Karaops manaayn Crews & Harvey, 2011","","Karaops","","manaayn","","Synonym","synonym","Species","","Crews & Harvey","2011","Y","e453dfed-0af4-4d70-881a-0120d853af17","20170906T03:35:09.731+0000","87a3e71b-d1d1-4dc1-995b-6ac0eb05a6ce","20170928T04:05:53.689+0000","","5c0712b5-e138-475f-87f3-285be3bc1501","Crews, S. & Harvey, M.S.","2011","The spider family Selenopidae (Arachnida, Araneae) in Australasia and the Oriental Region","1-103","","ZooKeys","","19 May 2011","","<!--MARK--><a href='null408066d2-4865-47d1-b111-19daa9934a3c' class='mouseoverHref'>Crews, S. & Harvey, M.S. 2011. The spider family Selenopidae (Arachnida, Araneae) in Australasia and the Oriental Region.</a> <!--MARK--><!--MARK--><a href='null8cb7bef9-51f4-441c-a060-649dc8095e71' class='mouseoverHref'><em>ZooKeys</em></a> <strong>99</strong>: 1-103<!--MARK--> [Date published 19 May 2011]","","Article in Journal","408066d2-4865-47d1-b111-19daa9934a3c","20120618T03:41:45.938+0000","8cb7bef9-51f4-441c-a060-649dc8095e71"
"","","marrayagong","Karaops marrayagong Crews & Harvey, 2011","SELENOPIDAE","Karaops","","marrayagong","","Valid Name","","Species","","Crews & Harvey","2011","Y","2aeb715b-e78e-4166-a3f8-a42ae1b21c5f","20170906T03:35:09.731+0000","ece27c4d-6f61-4124-adab-21aeea3f3e94","20170928T04:05:53.689+0000","062204ef-fd5a-4b31-80ad-fb91e983ab62","ece27c4d-6f61-4124-adab-21aeea3f3e94","","","","","","","","","","","","","","",""
"","","marrayagong","Karaops marrayagong Crews & Harvey, 2011","","Karaops","","marrayagong","","Synonym","synonym","Species","","Crews & Harvey","2011","Y","d9df3d32-488a-41f7-b142-3abffb437f8b","20170906T03:35:09.731+0000","ece27c4d-6f61-4124-adab-21aeea3f3e94","20170928T04:05:53.689+0000","","f9626230-5fc4-4020-8138-b3273fdd64bb","Crews, S. & Harvey, M.S.","2011","The spider family Selenopidae (Arachnida, Araneae) in Australasia and the Oriental Region","1-103","","ZooKeys","","19 May 2011","","<!--MARK--><a href='null408066d2-4865-47d1-b111-19daa9934a3c' class='mouseoverHref'>Crews, S. & Harvey, M.S. 2011. The spider family Selenopidae (Arachnida, Araneae) in Australasia and the Oriental Region.</a> <!--MARK--><!--MARK--><a href='null8cb7bef9-51f4-441c-a060-649dc8095e71' class='mouseoverHref'><em>ZooKeys</em></a> <strong>99</strong>: 1-103<!--MARK--> [Date published 19 May 2011]","","Article in Journal","408066d2-4865-47d1-b111-19daa9934a3c","20120618T03:41:45.938+0000","8cb7bef9-51f4-441c-a060-649dc8095e71"
"","","martamarta","Karaops martamarta Crews & Harvey, 2011","SELENOPIDAE","Karaops","","martamarta","","Valid Name","","Species","","Crews & Harvey","2011","Y","2879c74d-3027-42d0-af8e-34ae91d96529","20170906T03:35:09.731+0000","605faa9f-dfca-43aa-b710-339abc828d46","20170928T04:05:53.689+0000","062204ef-fd5a-4b31-80ad-fb91e983ab62","605faa9f-dfca-43aa-b710-339abc828d46","","","","","","","","","","","","","","",""
"","","martamarta","Karaops martamarta Crews & Harvey, 2011","","Karaops","","martamarta","","Synonym","synonym","Species","","Crews & Harvey","2011","Y","c808e1e6-139b-4680-affb-1c396dda14cb","20170906T03:35:09.731+0000","605faa9f-dfca-43aa-b710-339abc828d46","20170928T04:05:53.689+0000","","a8ef193e-aef6-412b-85dd-39dbe817566a","Crews, S. & Harvey, M.S.","2011","The spider family Selenopidae (Arachnida, Araneae) in Australasia and the Oriental Region","1-103","","ZooKeys","","19 May 2011","","<!--MARK--><a href='null408066d2-4865-47d1-b111-19daa9934a3c' class='mouseoverHref'>Crews, S. & Harvey, M.S. 2011. The spider family Selenopidae (Arachnida, Araneae) in Australasia and the Oriental Region.</a> <!--MARK--><!--MARK--><a href='null8cb7bef9-51f4-441c-a060-649dc8095e71' class='mouseoverHref'><em>ZooKeys</em></a> <strong>99</strong>: 1-103<!--MARK--> [Date published 19 May 2011]","","Article in Journal","408066d2-4865-47d1-b111-19daa9934a3c","20120618T03:41:45.938+0000","8cb7bef9-51f4-441c-a060-649dc8095e71"
"","","monteithi","Karaops monteithi Crews & Harvey, 2011","SELENOPIDAE","Karaops","","monteithi","","Valid Name","","Species","","Crews & Harvey","2011","Y","234f11fa-9879-4e7b-8ade-5bbf6279d667","20170906T03:35:09.731+0000","69b16e74-dd74-438c-8e7a-a05ccbd249f0","20170928T04:05:53.689+0000","062204ef-fd5a-4b31-80ad-fb91e983ab62","69b16e74-dd74-438c-8e7a-a05ccbd249f0","","","","","","","","","","","","","","",""
"","","monteithi","Karaops monteithi Crews & Harvey, 2011","","Karaops","","monteithi","","Synonym","synonym","Species","","Crews & Harvey","2011","Y","4876568a-2d02-4382-9d6c-064786cca8ba","20170906T03:35:09.731+0000","69b16e74-dd74-438c-8e7a-a05ccbd249f0","20170928T04:05:53.689+0000","","0d55a041-215a-4903-ad8c-ea73ca880315","Crews, S. & Harvey, M.S.","2011","The spider family Selenopidae (Arachnida, Araneae) in Australasia and the Oriental Region","1-103","","ZooKeys","","19 May 2011","","<!--MARK--><a href='null408066d2-4865-47d1-b111-19daa9934a3c' class='mouseoverHref'>Crews, S. & Harvey, M.S. 2011. The spider family Selenopidae (Arachnida, Araneae) in Australasia and the Oriental Region.</a> <!--MARK--><!--MARK--><a href='null8cb7bef9-51f4-441c-a060-649dc8095e71' class='mouseoverHref'><em>ZooKeys</em></a> <strong>99</strong>: 1-103<!--MARK--> [Date published 19 May 2011]","","Article in Journal","408066d2-4865-47d1-b111-19daa9934a3c","20120618T03:41:45.938+0000","8cb7bef9-51f4-441c-a060-649dc8095e71"
"","","ngarutjaranya","Karaops ngarutjaranya Crews & Harvey, 2011","SELENOPIDAE","Karaops","","ngarutjaranya","","Valid Name","","Species","","Crews & Harvey","2011","Y","06ce7437-0c31-4538-a463-519984c08875","20170906T03:35:09.731+0000","781f31a3-3894-4df9-96a2-c37883d00359","20170928T04:05:53.689+0000","062204ef-fd5a-4b31-80ad-fb91e983ab62","781f31a3-3894-4df9-96a2-c37883d00359","","","","","","","","","","","","","","",""
"","","ngarutjaranya","Karaops ngarutjaranya Crews & Harvey, 2011","","Karaops","","ngarutjaranya","","Synonym","synonym","Species","","Crews & Harvey","2011","Y","3c3f1097-8f2d-4bab-980a-35449dfb6c23","20170906T03:35:09.731+0000","781f31a3-3894-4df9-96a2-c37883d00359","20170928T04:05:53.689+0000","","c28fa662-4f46-47fe-b9b4-38cfebdde907","Crews, S. & Harvey, M.S.","2011","The spider family Selenopidae (Arachnida, Araneae) in Australasia and the Oriental Region","1-103","","ZooKeys","","19 May 2011","","<!--MARK--><a href='null408066d2-4865-47d1-b111-19daa9934a3c' class='mouseoverHref'>Crews, S. & Harvey, M.S. 2011. The spider family Selenopidae (Arachnida, Araneae) in Australasia and the Oriental Region.</a> <!--MARK--><!--MARK--><a href='null8cb7bef9-51f4-441c-a060-649dc8095e71' class='mouseoverHref'><em>ZooKeys</em></a> <strong>99</strong>: 1-103<!--MARK--> [Date published 19 May 2011]","","Article in Journal","408066d2-4865-47d1-b111-19daa9934a3c","20120618T03:41:45.938+0000","8cb7bef9-51f4-441c-a060-649dc8095e71"
"","","pilkingtoni","Karaops pilkingtoni Crews & Harvey, 2011","SELENOPIDAE","Karaops","","pilkingtoni","","Valid Name","","Species","","Crews & Harvey","2011","Y","5fe567ae-92d1-4fd3-9e83-a9fe5bf419ff","20170906T03:35:09.731+0000","6e9d6cd5-b64d-4c9f-a832-e56780951b79","20170928T04:05:53.689+0000","062204ef-fd5a-4b31-80ad-fb91e983ab62","6e9d6cd5-b64d-4c9f-a832-e56780951b79","","","","","","","","","","","","","","",""
"","","pilkingtoni","Karaops pilkingtoni Crews & Harvey, 2011","","Karaops","","pilkingtoni","","Synonym","synonym","Species","","Crews & Harvey","2011","Y","0820354b-9f6f-4441-9480-6f05d9c98c8c","20170906T03:35:09.731+0000","6e9d6cd5-b64d-4c9f-a832-e56780951b79","20170928T04:05:53.689+0000","","fe3839ad-e5b5-4384-ae59-fc7d683b259d","Crews, S. & Harvey, M.S.","2011","The spider family Selenopidae (Arachnida, Araneae) in Australasia and the Oriental Region","1-103","","ZooKeys","","19 May 2011","","<!--MARK--><a href='null408066d2-4865-47d1-b111-19daa9934a3c' class='mouseoverHref'>Crews, S. & Harvey, M.S. 2011. The spider family Selenopidae (Arachnida, Araneae) in Australasia and the Oriental Region.</a> <!--MARK--><!--MARK--><a href='null8cb7bef9-51f4-441c-a060-649dc8095e71' class='mouseoverHref'><em>ZooKeys</em></a> <strong>99</strong>: 1-103<!--MARK--> [Date published 19 May 2011]","","Article in Journal","408066d2-4865-47d1-b111-19daa9934a3c","20120618T03:41:45.938+0000","8cb7bef9-51f4-441c-a060-649dc8095e71"
"","","raveni","Karaops raveni Crews & Harvey, 2011","SELENOPIDAE","Karaops","","raveni","","Valid Name","","Species","","Crews & Harvey","2011","Y","297811ca-608e-458a-8529-f2f63e754ae8","20170906T03:35:09.731+0000","b37ad768-f0a1-45ad-b22d-7507f696d2ba","20170928T04:05:53.689+0000","062204ef-fd5a-4b31-80ad-fb91e983ab62","b37ad768-f0a1-45ad-b22d-7507f696d2ba","","","","","","","","","","","","","","",""
"","","raveni","Karaops raveni Crews & Harvey, 2011","","Karaops","","raveni","","Synonym","synonym","Species","","Crews & Harvey","2011","Y","016bc795-0a6e-4b21-b9fb-77b0e233bfe9","20170906T03:35:09.731+0000","b37ad768-f0a1-45ad-b22d-7507f696d2ba","20170928T04:05:53.689+0000","","b4b18b2e-fbf0-428f-be67-5349534a9c48","Crews, S. & Harvey, M.S.","2011","The spider family Selenopidae (Arachnida, Araneae) in Australasia and the Oriental Region","1-103","","ZooKeys","","19 May 2011","","<!--MARK--><a href='null408066d2-4865-47d1-b111-19daa9934a3c' class='mouseoverHref'>Crews, S. & Harvey, M.S. 2011. The spider family Selenopidae (Arachnida, Araneae) in Australasia and the Oriental Region.</a> <!--MARK--><!--MARK--><a href='null8cb7bef9-51f4-441c-a060-649dc8095e71' class='mouseoverHref'><em>ZooKeys</em></a> <strong>99</strong>: 1-103<!--MARK--> [Date published 19 May 2011]","","Article in Journal","408066d2-4865-47d1-b111-19daa9934a3c","20120618T03:41:45.938+0000","8cb7bef9-51f4-441c-a060-649dc8095e71"
"","","toolbrunup","Karaops toolbrunup Crews & Harvey, 2011","SELENOPIDAE","Karaops","","toolbrunup","","Valid Name","","Species","","Crews & Harvey","2011","Y","2151cfab-2b81-4dd3-a1ed-9f306b4c3e8c","20170906T03:35:09.731+0000","86df6d42-b6ad-48cb-8dfe-77d49ed630e4","20170928T04:05:53.689+0000","062204ef-fd5a-4b31-80ad-fb91e983ab62","86df6d42-b6ad-48cb-8dfe-77d49ed630e4","","","","","","","","","","","","","","",""
"","","toolbrunup","Karaops toolbrunup Crews & Harvey, 2011","","Karaops","","toolbrunup","","Synonym","synonym","Species","","Crews & Harvey","2011","Y","a3e83385-6b09-4f91-a1f4-00d4d78c5c5d","20170906T03:35:09.731+0000","86df6d42-b6ad-48cb-8dfe-77d49ed630e4","20170928T04:05:53.689+0000","","58c01833-4a44-4761-952c-c019f5ad3474","Crews, S. & Harvey, M.S.","2011","The spider family Selenopidae (Arachnida, Araneae) in Australasia and the Oriental Region","1-103","","ZooKeys","","19 May 2011","","<!--MARK--><a href='null408066d2-4865-47d1-b111-19daa9934a3c' class='mouseoverHref'>Crews, S. & Harvey, M.S. 2011. The spider family Selenopidae (Arachnida, Araneae) in Australasia and the Oriental Region.</a> <!--MARK--><!--MARK--><a href='null8cb7bef9-51f4-441c-a060-649dc8095e71' class='mouseoverHref'><em>ZooKeys</em></a> <strong>99</strong>: 1-103<!--MARK--> [Date published 19 May 2011]","","Article in Journal","408066d2-4865-47d1-b111-19daa9934a3c","20120618T03:41:45.938+0000","8cb7bef9-51f4-441c-a060-649dc8095e71"
"","","vadlaadambara","Karaops vadlaadambara Crews & Harvey, 2011","SELENOPIDAE","Karaops","","vadlaadambara","","Valid Name","","Species","","Crews & Harvey","2011","Y","2a1dbb6e-55b6-4bac-aa72-43653efd6839","20170906T03:35:09.731+0000","c682c385-c2fd-4bf7-ad56-81b7851d06fa","20170928T04:05:53.689+0000","062204ef-fd5a-4b31-80ad-fb91e983ab62","c682c385-c2fd-4bf7-ad56-81b7851d06fa","","","","","","","","","","","","","","",""
"","","vadlaadambara","Karaops vadlaadambara Crews & Harvey, 2011","","Karaops","","vadlaadambara","","Synonym","synonym","Species","","Crews & Harvey","2011","Y","cf3832dc-3645-41e4-bb7b-0c8f7da08e7c","20170906T03:35:09.731+0000","c682c385-c2fd-4bf7-ad56-81b7851d06fa","20170928T04:05:53.689+0000","","655f8868-8a2d-44e6-8668-d9f48249c213","Crews, S. & Harvey, M.S.","2011","The spider family Selenopidae (Arachnida, Araneae) in Australasia and the Oriental Region","1-103","","ZooKeys","","19 May 2011","","<!--MARK--><a href='null408066d2-4865-47d1-b111-19daa9934a3c' class='mouseoverHref'>Crews, S. & Harvey, M.S. 2011. The spider family Selenopidae (Arachnida, Araneae) in Australasia and the Oriental Region.</a> <!--MARK--><!--MARK--><a href='null8cb7bef9-51f4-441c-a060-649dc8095e71' class='mouseoverHref'><em>ZooKeys</em></a> <strong>99</strong>: 1-103<!--MARK--> [Date published 19 May 2011]","","Article in Journal","408066d2-4865-47d1-b111-19daa9934a3c","20120618T03:41:45.938+0000","8cb7bef9-51f4-441c-a060-649dc8095e71"
