"PUB_AUTHOR","PUB_YEAR","PUB_TITLE","PUB_PAGES","PUB_PARENT_BOOK_TITLE","PUB_PARENT_JOURNAL_TITLE","PUB_PARENT_ARTICLE_TITLE","PUB_PUBLICATION_DATE","PUB_PUBLISHER","PUB_FORMATTED","PUB_QUALIFICATION","PUB_TYPE","PUBLICATION_GUID","PUBLICATION_LAST_UPDATE","PARENT_PUBLICATION_GUID"
"Baba, K.","1938","The later development of a solenogastre, <i>Epimenia verrucosa</i> (Nierstrasz)","21-40","","Journal of the Department of Agriculture, Kyushu Imperial University","","","","<!--MARK--><a href='null129de78c-fe27-4a7d-83f5-18bfa0e7c058' class='mouseoverHref'>Baba, K. 1938. The later development of a solenogastre, <i>Epimenia verrucosa</i> (Nierstrasz).</a> <!--MARK--><!--MARK--><a href='null37ec6253-144d-4e86-ad1e-d4822a404e85' class='mouseoverHref'><em>Journal of the Department of Agriculture, Kyushu Imperial University</em></a> <strong>6</strong>: 21-40<!--MARK-->","","Article in Journal","129de78c-fe27-4a7d-83f5-18bfa0e7c058","20081009T05:11:37.000+0000","37ec6253-144d-4e86-ad1e-d4822a404e85"
"Baba, K.","1940","<i>Epimenia ohshimai</i> a new solenogastre species from Amakusa, Japan","91-96","","Venus","","","","<!--MARK--><a href='nulld18bd0e3-1dc8-41d8-9e5c-f66701e56c0d' class='mouseoverHref'>Baba, K. 1940. <i>Epimenia ohshimai</i> a new solenogastre species from Amakusa, Japan.</a> <!--MARK--><!--MARK--><a href='null1b55b70e-f94f-48a8-a489-027f586fd88c' class='mouseoverHref'><em>Venus</em></a> Tokyo <strong>10</strong>: 91-96<!--MARK-->","","Article in Journal","d18bd0e3-1dc8-41d8-9e5c-f66701e56c0d","20081009T05:11:37.000+0000","1b55b70e-f94f-48a8-a489-027f586fd88c"
"Baba, K.","1940","The early development of a solenogastre, <i>Epimenia verrucosa</i> (Nierstr.)","107-113","","Annotationes Zoologicae Japonenses","","","","<!--MARK--><a href='null61d8a045-81a1-4c6f-b2a9-d2888f0f9b36' class='mouseoverHref'>Baba, K. 1940. The early development of a solenogastre, <i>Epimenia verrucosa</i> (Nierstr.).</a> <!--MARK--><!--MARK--><a href='null63aa1e35-6011-46f2-8dcf-b65432c911c3' class='mouseoverHref'><em>Annotationes Zoologicae Japonenses</em></a> <strong>19</strong>: 107-113<!--MARK-->","","Article in Journal","61d8a045-81a1-4c6f-b2a9-d2888f0f9b36","20081009T05:11:37.000+0000","63aa1e35-6011-46f2-8dcf-b65432c911c3"
"Baba, K.","1940","The mechanisms of absorption and excretion in a solenogastre, <i>Epimenia verrucosa</i> (Nierstrasz), studied by means of injection methods","119-166","","Journal of the Department of Agriculture, Kyushu Imperial University","","","","<!--MARK--><a href='null228d17e1-f56f-40b0-96db-3248c2dcead9' class='mouseoverHref'>Baba, K. 1940. The mechanisms of absorption and excretion in a solenogastre, <i>Epimenia verrucosa</i> (Nierstrasz), studied by means of injection methods.</a> <!--MARK--><!--MARK--><a href='null37ec6253-144d-4e86-ad1e-d4822a404e85' class='mouseoverHref'><em>Journal of the Department of Agriculture, Kyushu Imperial University</em></a> <strong>6</strong>: 119-166<!--MARK-->","","Article in Journal","228d17e1-f56f-40b0-96db-3248c2dcead9","20081009T05:11:37.000+0000","37ec6253-144d-4e86-ad1e-d4822a404e85"
"Belyaev, G.M.","1989","Glubokovodnii Okeanicheskii Zheloba i ikh Fauna","","","","","","'Nauka'","<!--MARK--><a href='null90b3e63d-becf-4dc5-9da0-9bca76c76e48' class='mouseoverHref'>Belyaev, G.M. 1989. <em>Glubokovodnii Okeanicheskii Zheloba i ikh Fauna</em>. Moscow : 'Nauka'.</a><!--MARK-->","","Book","90b3e63d-becf-4dc5-9da0-9bca76c76e48","20081009T05:11:37.000+0000",""
"Blake, J.A. & Watling, L.","1994","Life history studies of deep-sea benthic infauna: Polychaeta, Aplacophora, and Cumacea from the continental slope off Massachusetts","244-260","Reproduction, Larval Biology, and Recruitment of the Deep-Sea Benthos","","","","","<!--MARK--><a href='null9a897b99-b92c-4184-b462-0710b81bb0ed' class='mouseoverHref'>Blake, J.A. & Watling, L. 1994. Life history studies of deep-sea benthic infauna: Polychaeta, Aplacophora, and Cumacea from the continental slope off Massachusetts. pp. 244-260</a> <!--MARK--><em>in</em> <!--MARK--><a href='null04fbc26f-f82b-4a2b-a42c-bf492fea95a7' class='mouseoverHref'>Young, C.M. & Eckelbarger, K.J. (eds). <em>Reproduction, Larval Biology, and Recruitment of the Deep-Sea Benthos</em>. New York : Columbia University Press.</a><!--MARK-->","","Chapter in Book","9a897b99-b92c-4184-b462-0710b81bb0ed","20081009T05:11:37.000+0000","04fbc26f-f82b-4a2b-a42c-bf492fea95a7"
"Bouchet, P.","2010","<em>Claviderma australe</em> (Scheltema, 1989). In: MolluscaBase (2015).","","","","","","","<!--MARK--><a href='nullc09ed179-007f-49d6-804f-8c9b33267a86' class='mouseoverHref'>Bouchet, P. 2010. <em>Claviderma australe</em> (Scheltema, 1989). In: MolluscaBase (2015). World Register of Marine Species.</a> <!--MARK--><a href=http://www.marinespecies.org/aphia.php?p=taxdetails&id=544998>http://www.marinespecies.org/aphia.php?p=taxdetails&id=544998</a>","","URL","c09ed179-007f-49d6-804f-8c9b33267a86","20150629T06:20:08.457+0000",""
"Bouchet, P.","2010","<em>Falcidens chiastos</EM>. In: MolluscaBase (2015).","","","","","","","<!--MARK--><a href='nulle8369fbf-9d66-48a2-a9d4-f91eabfd9ee6' class='mouseoverHref'>Bouchet, P. 2010. <em>Falcidens chiastos</EM>. In: MolluscaBase (2015). World Register of Marine Species.</a> <!--MARK--><a href=http://www.marinespecies.org/aphia.php?p=taxdetails&id=545080>http://www.marinespecies.org/aphia.php?p=taxdetails&id=545080</a>","","URL","e8369fbf-9d66-48a2-a9d4-f91eabfd9ee6","20150629T21:59:29.362+0000",""
"Bouchet, P.","2010","<em>Falcidens lipuros</em>. In: MolluscaBase (2015).","","","","","","","<!--MARK--><a href='null82dc7f27-a7d0-4c7d-84de-8319c285f521' class='mouseoverHref'>Bouchet, P. 2010. <em>Falcidens lipuros</em>. In: MolluscaBase (2015). World Register of Marine Species.</a> <!--MARK--><a href=http://www.marinespecies.org/aphia.php?p=taxdetails&id=545068>http://www.marinespecies.org/aphia.php?p=taxdetails&id=545068</a>","","URL","82dc7f27-a7d0-4c7d-84de-8319c285f521","20150629T04:07:32.762+0000",""
"Bouchet, P.","2010","<em>Falcidens macrafrondis</em> Scheltema, 1989. In: MolluscaBase (2015).","","","","","","","<!--MARK--><a href='null374c3919-d09d-4518-a4c3-19e7ac1dd561' class='mouseoverHref'>Bouchet, P. 2010. <em>Falcidens macrafrondis</em> Scheltema, 1989. In: MolluscaBase (2015). World Register of Marine Species.</a> <!--MARK--><a href=http://www.marinespecies.org/aphia.php?p=taxdetails&id=545069>http://www.marinespecies.org/aphia.php?p=taxdetails&id=545069</a>","","URL","374c3919-d09d-4518-a4c3-19e7ac1dd561","20150629T04:45:32.906+0000",""
"Bouchet, P.","2010","<em>Falcidens poias</em>. In: MolluscaBase (2015).","","","","","","","<!--MARK--><a href='null4c257a7d-754e-4bd1-9df5-57e4c9fdb957' class='mouseoverHref'>Bouchet, P. 2010. <em>Falcidens poias</em>. In: MolluscaBase (2015). World Register of Marine Species.</a> <!--MARK--><a href=http://www.marinespecies.org/aphia.php?p=taxdetails&id=545072>http://www.marinespecies.org/aphia.php?p=taxdetails&id=545072</a>","","URL","4c257a7d-754e-4bd1-9df5-57e4c9fdb957","20150629T04:53:36.153+0000",""
"Buckland-Nicks, J. & Chia, F.-S.","1989","Spermiogenesis in <i>Chaetoderma</i> sp. (Aplacophora)","308-317","","Journal of Experimental Zoology","","","","<!--MARK--><a href='null542924b7-3089-4198-a9cd-02acc09c339f' class='mouseoverHref'>Buckland-Nicks, J. & Chia, F.-S. 1989. Spermiogenesis in <i>Chaetoderma</i> sp. (Aplacophora).</a> <!--MARK--><!--MARK--><a href='null0de3b0c6-f879-4843-a92d-c13834989cee' class='mouseoverHref'><em>Journal of Experimental Zoology</em></a> <strong>252</strong>: 308-317<!--MARK-->","","Article in Journal","542924b7-3089-4198-a9cd-02acc09c339f","20081009T05:11:37.000+0000","0de3b0c6-f879-4843-a92d-c13834989cee"
"Buckland-Nicks, J. & Scheltema, A.H.","1995","Was internal fertilization an innovation of early Bilateria? Evidence from sperm structure of a mollusc","11-18","","Proceedings of the Royal Society of London","","","","<!--MARK--><a href='nullfffaaa1e-40f1-46b7-86db-757fb64cf1f5' class='mouseoverHref'>Buckland-Nicks, J. & Scheltema, A.H. 1995. Was internal fertilization an innovation of early Bilateria? Evidence from sperm structure of a mollusc.</a> <!--MARK--><!--MARK--><a href='nullf6cc5d5e-5570-49ab-88e9-5da0c73b2eaf' class='mouseoverHref'><em>Proceedings of the Royal Society of London</em></a> <strong>261</strong>: 11-18<!--MARK-->","","Article in Journal","fffaaa1e-40f1-46b7-86db-757fb64cf1f5","20081009T05:11:37.000+0000","f6cc5d5e-5570-49ab-88e9-5da0c73b2eaf"
"Caudwell, C.M., Jones, A.M. & Killeen, I.","1995","Three Solenogastres from the Irish Sea, new to the British marine area","257-269","","Journal of Conchology","","","","<!--MARK--><a href='nulldfa7ce3d-6cb3-49cb-9778-91f377eb39ef' class='mouseoverHref'>Caudwell, C.M., Jones, A.M. & Killeen, I. 1995. Three Solenogastres from the Irish Sea, new to the British marine area.</a> <!--MARK--><!--MARK--><a href='null15a913a3-15da-44ca-960e-6443aef1d6fc' class='mouseoverHref'><em>Journal of Conchology</em></a> <strong>35</strong>: 257-269<!--MARK-->","","Article in Journal","dfa7ce3d-6cb3-49cb-9778-91f377eb39ef","20081009T05:11:37.000+0000","15a913a3-15da-44ca-960e-6443aef1d6fc"
"Garcia-Alvarez, O.","2009","<em>Acanthomenia gaussiana</em> Thiele, 1913. In: MolluscaBase (2015).","","","","","","","<!--MARK--><a href='null1a698ba9-11b7-464f-b8be-db65f389acab' class='mouseoverHref'>Garcia-Alvarez, O. 2009. <em>Acanthomenia gaussiana</em> Thiele, 1913. In: MolluscaBase (2015). World Register of Marine Species.</a> <!--MARK--><a href=http://www.marinespecies.org/aphia.php?p=taxdetails&id=340705>http://www.marinespecies.org/aphia.php?p=taxdetails&id=340705</a>","","URL","1a698ba9-11b7-464f-b8be-db65f389acab","20150714T07:16:25.813+0000",""
"Garcia-Alvarez, O.","2009","<em>Dorymenia hoffmani</em> Salvini-Plawen, 1978. In: MolluscaBase (2015).","","","","","","","<!--MARK--><a href='nulldf344ccf-c6f0-4b84-914b-bcc11ecd2083' class='mouseoverHref'>Garcia-Alvarez, O. 2009. <em>Dorymenia hoffmani</em> Salvini-Plawen, 1978. In: MolluscaBase (2015). World Register of Marine Species.</a> <!--MARK--><a href=http://www.marinespecies.org/aphia.php?p=taxdetails&id=340721>http://www.marinespecies.org/aphia.php?p=taxdetails&id=340721</a>","","URL","df344ccf-c6f0-4b84-914b-bcc11ecd2083","20150701T06:03:26.041+0000",""
"Garcia-Alvarez, O.","2009","<em>Dorymenia tricarinata</em>. In: MolluscaBase (2015).","","","","","","","<!--MARK--><a href='null76cc1027-06f7-4d0a-944f-848fffa3a504' class='mouseoverHref'>Garcia-Alvarez, O. 2009. <em>Dorymenia tricarinata</em>. In: MolluscaBase (2015). World Register of Marine Species.</a> <!--MARK--><a href=http://www.marinespecies.org/aphia.php?p=taxdetails&id=340727>http://www.marinespecies.org/aphia.php?p=taxdetails&id=340727</a>","","URL","76cc1027-06f7-4d0a-944f-848fffa3a504","20150701T04:50:20.561+0000",""
"Garcia-Alvarez, O.","2009","<em>Labidoherpia spinosa</em> (Thiele, 1913). In: MolluscaBase (2015).","","","","","","","<!--MARK--><a href='null0493b01a-6f08-4f0b-b772-90ec499b28f5' class='mouseoverHref'>Garcia-Alvarez, O. 2009. <em>Labidoherpia spinosa</em> (Thiele, 1913). In: MolluscaBase (2015). World Register of Marine Species.</a> <!--MARK--><a href=http://www.marinespecies.org/aphia.php?p=taxdetails&id=340737>http://www.marinespecies.org/aphia.php?p=taxdetails&id=340737</a>","","URL","0493b01a-6f08-4f0b-b772-90ec499b28f5","20150702T04:44:38.761+0000",""
"Garcia-Alvarez, O.","2009","<em>Metamenia intermedia</em>. In: MolluscaBase (2015).","","","","","","","<!--MARK--><a href='null811fd789-0f86-4b1d-a883-c5e7d08e0526' class='mouseoverHref'>Garcia-Alvarez, O. 2009. <em>Metamenia intermedia</em>. In: MolluscaBase (2015). World Register of Marine Species.</a> <!--MARK--><a href=http://www.marinespecies.org/aphia.php?p=taxdetails&id=340742>http://www.marinespecies.org/aphia.php?p=taxdetails&id=340742</a>","","URL","811fd789-0f86-4b1d-a883-c5e7d08e0526","20150709T04:02:51.225+0000",""
"Garcia-Alvarez, O.","2009","<em>Nematomenia glacialis</em> Thiele, 1913. In: MolluscaBase (2015).","","","","","","","<!--MARK--><a href='null827c664e-cb77-42a1-8991-0391f448f7d0' class='mouseoverHref'>Garcia-Alvarez, O. 2009. <em>Nematomenia glacialis</em> Thiele, 1913. In: MolluscaBase (2015). World Register of Marine Species.</a> <!--MARK--><a href=http://www.marinespecies.org/aphia.php?p=taxdetails&id=340747>http://www.marinespecies.org/aphia.php?p=taxdetails&id=340747</a>","","URL","827c664e-cb77-42a1-8991-0391f448f7d0","20150714T02:43:04.005+0000",""
"Garcia-Alvarez, O.","2009","<em>Nematomenia protecta</em>. In: MolluscaBase (2015).","","","","","","","<!--MARK--><a href='null33182975-72b0-4c4f-b10e-a59d5a7edc96' class='mouseoverHref'>Garcia-Alvarez, O. 2009. <em>Nematomenia protecta</em>. In: MolluscaBase (2015). World Register of Marine Species.</a> <!--MARK--><a href=http://www.marinespecies.org/aphia.php?p=taxdetails&id=340745>http://www.marinespecies.org/aphia.php?p=taxdetails&id=340745</a>","","URL","33182975-72b0-4c4f-b10e-a59d5a7edc96","20150714T03:47:15.662+0000",""
"Garcia-Alvarez, O.","2009","<em>Nematomenia squamosa</em>. In: MolluscaBase (2015).","","","","","","","<!--MARK--><a href='null204e6658-29ed-41b8-88f6-3f8ff81dbbf1' class='mouseoverHref'>Garcia-Alvarez, O. 2009. <em>Nematomenia squamosa</em>. In: MolluscaBase (2015). World Register of Marine Species.</a> <!--MARK--><a href=http://www.marinespecies.org/aphia.php?p=taxdetails&id=340746>http://www.marinespecies.org/aphia.php?p=taxdetails&id=340746</a>","","URL","204e6658-29ed-41b8-88f6-3f8ff81dbbf1","20150714T04:03:44.532+0000",""
"Garcia-Alvarez, O.","2009","<em>Pholidoherpia cataphracta</em> (Thiele, 1913). In: MolluscaBase (2015).","","","","","","","<!--MARK--><a href='null89dd78e2-9ce2-44d1-8e2f-72cad2c97017' class='mouseoverHref'>Garcia-Alvarez, O. 2009. <em>Pholidoherpia cataphracta</em> (Thiele, 1913). In: MolluscaBase (2015). World Register of Marine Species.</a> <!--MARK--><a href=http://www.marinespecies.org/aphia.php?p=taxdetails&id=340763>http://www.marinespecies.org/aphia.php?p=taxdetails&id=340763</a>","","URL","89dd78e2-9ce2-44d1-8e2f-72cad2c97017","20150714T06:36:21.780+0000",""
"Garcia-Alvarez, O.","2009","<em>Phyllomenia austrina</em> Thiele, 1913. In: MolluscaBase (2015).","","","","","","","<!--MARK--><a href='null065d845d-1f64-492c-b17c-80ce9a969b0a' class='mouseoverHref'>Garcia-Alvarez, O. 2009. <em>Phyllomenia austrina</em> Thiele, 1913. In: MolluscaBase (2015). World Register of Marine Species.</a> <!--MARK--><a href=http://www.marinespecies.org/aphia.php?p=taxdetails&id=340764>http://www.marinespecies.org/aphia.php?p=taxdetails&id=340764</a>","","URL","065d845d-1f64-492c-b17c-80ce9a969b0a","20150701T06:46:06.871+0000",""
"Garcia-Alvarez, O.","2009","<em>Pruvotina gauszi</em> Salvini-Plawen, 1978. In: MolluscaBase (2015).","","","","","","","<!--MARK--><a href='null40ba4193-77f8-4457-ac26-750fc555786c' class='mouseoverHref'>Garcia-Alvarez, O. 2009. <em>Pruvotina gauszi</em> Salvini-Plawen, 1978. In: MolluscaBase (2015). World Register of Marine Species.</a> <!--MARK--><a href=http://www.marinespecies.org/aphia.php?p=taxdetails&id=340771>http://www.marinespecies.org/aphia.php?p=taxdetails&id=340771</a>","","URL","40ba4193-77f8-4457-ac26-750fc555786c","20150702T02:40:41.213+0000",""
"Garcia-Alvarez, O.","2009","<em>Pruvotina providens</em>. In: MolluscaBase (2015).","","","","","","","<!--MARK--><a href='nulla9a90de2-3b3f-40e4-a8b5-3843572878b6' class='mouseoverHref'>Garcia-Alvarez, O. 2009. <em>Pruvotina providens</em>. In: MolluscaBase (2015). World Register of Marine Species.</a> <!--MARK--><a href=http://www.marinespecies.org/aphia.php?p=taxdetails&id=340777>http://www.marinespecies.org/aphia.php?p=taxdetails&id=340777</a>","","URL","a9a90de2-3b3f-40e4-a8b5-3843572878b6","20150702T04:05:20.380+0000",""
"Garcia-Alvarez, O.","2009","<em>Sandalomenia carinata</em>. In: MolluscaBase (2015).","","","","","","","<!--MARK--><a href='null573825f1-d343-4143-ae14-bdad6fbdd461' class='mouseoverHref'>Garcia-Alvarez, O. 2009. <em>Sandalomenia carinata</em>. In: MolluscaBase (2015). World Register of Marine Species.</a> <!--MARK--><a href=http://www.marinespecies.org/aphia.php?p=taxdetails&id=340781>http://www.marinespecies.org/aphia.php?p=taxdetails&id=340781</a>","","URL","573825f1-d343-4143-ae14-bdad6fbdd461","20150702T23:08:23.011+0000",""
"Garcia-Alvarez, O.","2009","<em>Sandalomenia papilligera</em> Thiele, 1913. In: MolluscaBase (2015).","","","","","","","<!--MARK--><a href='null5e83d8a0-f73e-4e1c-b771-b0e0b4fe8063' class='mouseoverHref'>Garcia-Alvarez, O. 2009. <em>Sandalomenia papilligera</em> Thiele, 1913. In: MolluscaBase (2015). World Register of Marine Species.</a> <!--MARK--><a href=http://www.marinespecies.org/aphia.php?p=taxdetails&id=340782>http://www.marinespecies.org/aphia.php?p=taxdetails&id=340782</a>","","URL","5e83d8a0-f73e-4e1c-b771-b0e0b4fe8063","20150713T01:28:08.588+0000",""
"Garcia-Álvarez, O. & Salvini-Plawen, L.v.","2007","Species and diagnosis of the families and genera of Solenogastres (Mollusca)","73-143","","Iberus","","","","<!--MARK--><a href='nulld1359287-92e5-4e8b-aa39-0de43532ef49' class='mouseoverHref'>Garcia-Álvarez, O. & Salvini-Plawen, L.v. 2007. Species and diagnosis of the families and genera of Solenogastres (Mollusca).</a> <!--MARK--><!--MARK--><a href='nullf6d589c7-8e9f-4694-ae51-ccc4bc7e0ea5' class='mouseoverHref'><em>Iberus</em></a> <strong>25</strong>(2): 73-143<!--MARK-->","","Article in Journal","d1359287-92e5-4e8b-aa39-0de43532ef49","20150701T06:48:25.481+0000","f6d589c7-8e9f-4694-ae51-ccc4bc7e0ea5"
"Glaubrecht, M., Maitas, L. & Salvini-Plawen, L. v.","2005","Aplacophoran Mollusca in the Natural History Museum Berlin. An annotated catalogue of Thiele's type specimens, with a brief reviewof ?Aplacophora? classification","145-166","","Mitteilungen aus dem Museum für Naturkunde in Berlin Zoologische Reihe","","","","<!--MARK--><a href='null1bbb4897-62b2-4849-8130-e983462d37ce' class='mouseoverHref'>Glaubrecht, M., Maitas, L. & Salvini-Plawen, L. v. 2005. Aplacophoran Mollusca in the Natural History Museum Berlin. An annotated catalogue of Thiele's type specimens, with a brief reviewof ?Aplacophora? classification.</a> <!--MARK--><!--MARK--><a href='nullbef2e657-da27-417a-986a-a075d41fa523' class='mouseoverHref'><em>Mitteilungen aus dem Museum für Naturkunde in Berlin Zoologische Reihe</em></a> <strong>81</strong>(2): 145-166<!--MARK-->","","Article in Journal","1bbb4897-62b2-4849-8130-e983462d37ce","20150630T04:34:14.063+0000","bef2e657-da27-417a-986a-a075d41fa523"
"Graff, L. von","1876","Anatomie des <i>Chaetoderma nitidulum</i>","166-192","","Zeitschrift für Wissenschaftliche Zoologie","","","","<!--MARK--><a href='null3d91acf3-070d-4595-9cac-a0460b42ed2c' class='mouseoverHref'>Graff, L. von 1876. Anatomie des <i>Chaetoderma nitidulum</i>.</a> <!--MARK--><!--MARK--><a href='nulld8df55e6-ffed-4756-acd5-061bda3ce3ac' class='mouseoverHref'><em>Zeitschrift für Wissenschaftliche Zoologie</em></a> <strong>26</strong>: 166-192<!--MARK-->","","Article in Journal","3d91acf3-070d-4595-9cac-a0460b42ed2c","20170830T00:24:45.992+0000","d8df55e6-ffed-4756-acd5-061bda3ce3ac"
"Hadfield, M.G.","1979","Aplacophora","1-25","Reproduction of Marine Invertebrates. Molluscs: Pelecypods and Lower Classes","","","","","<!--MARK--><a href='null3efd6944-eabf-42fe-9bda-11e1587cdf12' class='mouseoverHref'>Hadfield, M.G. 1979. Aplacophora. pp. 1-25</a> <!--MARK--><em>in</em> <!--MARK--><a href='null110e4253-bf6d-45f9-b43b-e1f6453e2b50' class='mouseoverHref'>Giese, A.C. & Pearse, J.S. (eds). <em>Reproduction of Marine Invertebrates. Molluscs: Pelecypods and Lower Classes</em>. New York : Academic Press Vol. 5.</a><!--MARK-->","","Chapter in Book","3efd6944-eabf-42fe-9bda-11e1587cdf12","20081009T05:11:37.000+0000","110e4253-bf6d-45f9-b43b-e1f6453e2b50"
"Heath, H.","1911","Reports on the scientific results of the expedition to the tropical Pacific. XIV. The Solenogastres","1-182","","Memoirs of the Museum of Comparative Zoology, Harvard College","","","","<!--MARK--><a href='nullbef20dec-2cc9-4f1f-b172-5e9d1ad67cd6' class='mouseoverHref'>Heath, H. 1911. Reports on the scientific results of the expedition to the tropical Pacific. XIV. The Solenogastres.</a> <!--MARK--><!--MARK--><a href='null4b04f6d3-e027-4ea1-8cfa-64d9967240d3' class='mouseoverHref'><em>Memoirs of the Museum of Comparative Zoology, Harvard College</em></a> <strong>45</strong>: 1-182<!--MARK-->","","Article in Journal","bef20dec-2cc9-4f1f-b172-5e9d1ad67cd6","20150701T01:51:46.380+0000","4b04f6d3-e027-4ea1-8cfa-64d9967240d3"
"Ivanov, D.L.","1979","[Structure and functional morphology of radular system in <i>Chaetoderma</i> (Mollusca, Candofoveata)]","1302-1306","","Zoologicheskii Zhurnal","","","","<!--MARK--><a href='null3bcae0c0-e889-4d99-92a8-e819b29ad19f' class='mouseoverHref'>Ivanov, D.L. 1979. [Structure and functional morphology of radular system in <i>Chaetoderma</i> (Mollusca, Candofoveata)].</a> <!--MARK--><!--MARK--><a href='null9ca52805-abf8-43a8-bbd5-8b91ddb0efd4' class='mouseoverHref'><em>Zoologicheskii Zhurnal</em></a> <strong>58</strong>: 1302-1306<!--MARK--> [in Russian]","in Russian","Article in Journal","3bcae0c0-e889-4d99-92a8-e819b29ad19f","20081009T05:11:37.000+0000","9ca52805-abf8-43a8-bbd5-8b91ddb0efd4"
"Ivanov, D.L.","1981","[<i>Caudofoveatus tetradens</i> gen. et sp.n. and diagnosis of taxa in the subclass Caudofoveata (Mollusca, Aplacophora)]","18-28","","Zoologicheskii Zhurnal","","","","<!--MARK--><a href='nulle55cc1b0-e987-466e-a394-4615deb3b1f5' class='mouseoverHref'>Ivanov, D.L. 1981. [<i>Caudofoveatus tetradens</i> gen. et sp.n. and diagnosis of taxa in the subclass Caudofoveata (Mollusca, Aplacophora)].</a> <!--MARK--><!--MARK--><a href='null9ca52805-abf8-43a8-bbd5-8b91ddb0efd4' class='mouseoverHref'><em>Zoologicheskii Zhurnal</em></a> <strong>60</strong>: 18-28<!--MARK--> [In Russian]","In Russian","Article in Journal","e55cc1b0-e987-466e-a394-4615deb3b1f5","20081009T05:11:37.000+0000","9ca52805-abf8-43a8-bbd5-8b91ddb0efd4"
"Ivanov, D.L.","1984","[Caudofoveats (Mollusca, Caudofoveata) in Peter the Great Bay]","28-41","Hydrobiological research of bays and inlets of Primorye","","","","","<!--MARK--><a href='nullb67725e4-6916-4b28-b6a8-ae2fde8f5c11' class='mouseoverHref'>Ivanov, D.L. 1984. [Caudofoveats (Mollusca, Caudofoveata) in Peter the Great Bay]. pp. 28-41</a> <!--MARK--><em>in</em> <!--MARK--><a href='nulld1197799-7392-46fb-80e1-4c6608a1243b' class='mouseoverHref'>Kafanov, A.I. (ed.). <em>Hydrobiological research of bays and inlets of Primorye</em>. Vladivostok : Far East Science Center, USSR Acad. Sci.</a><!--MARK--><!--MARK--> [in Russian]","in Russian","Chapter in Book","b67725e4-6916-4b28-b6a8-ae2fde8f5c11","20081009T05:11:37.000+0000","d1197799-7392-46fb-80e1-4c6608a1243b"
"Ivanov, D.L.","1990","[Radula in the class of shell-less molluscs (Aplacophora)]","pp. 159-198, 213-222","","Archive of the Zoological Museum of Moscow State University","[Evolutionary morphology of molluscs]","","","<!--MARK--><a href='null2e119b36-b8a2-4db8-a4b0-22a5aefaea9b' class='mouseoverHref'>Ivanov, D.L. 1990. [Radula in the class of shell-less molluscs (Aplacophora)]. pp. 159-198, 213-222</a> <!--MARK--><em>in</em> <!--MARK--><a href='null5bab86b4-8860-45d0-bded-6a2632c1b67b' class='mouseoverHref'>Ivanov, D.L. [Evolutionary morphology of molluscs].</a> <!--MARK--><!--MARK--><a href='null78d7023a-fa08-4065-8eaf-d96e135ff3d0' class='mouseoverHref'><em>Archive of the Zoological Museum of Moscow State University</em></a> <strong>28</strong><!--MARK--><!--MARK--> [in Russian]","in Russian","Section in Article","2e119b36-b8a2-4db8-a4b0-22a5aefaea9b","20081009T05:11:37.000+0000","5bab86b4-8860-45d0-bded-6a2632c1b67b"
"Ivanov, D.L.","1996","Origin of Aculifera and problems of monophyly of higher taxa in molluscs","59-65","Origin and Evolutionary Radiation of the Mollusca","","","","","<!--MARK--><a href='null4b8ad5ce-3499-482f-957b-3ff5b147cf89' class='mouseoverHref'>Ivanov, D.L. 1996. Origin of Aculifera and problems of monophyly of higher taxa in molluscs. pp. 59-65</a> <!--MARK--><em>in</em> <!--MARK--><a href='null8874bcb0-887d-46e6-983b-6be231973a68' class='mouseoverHref'>Taylor, J.D. (ed.). <em>Origin and Evolutionary Radiation of the Mollusca</em>. Oxford, New York, Tokyo : Oxford University Press.</a><!--MARK-->","","Chapter in Book","4b8ad5ce-3499-482f-957b-3ff5b147cf89","20081009T05:11:37.000+0000","8874bcb0-887d-46e6-983b-6be231973a68"
"Ivanov, D.L. & Pavlinov, I.Y.","1991","[Analysis of morphological characters of Caudofoveates (Mollusca: Aplacophora) by means of cladistics]","27-35","","Zhurnal Obschei Biologii, Acadademii Nauk. SSSR","","","","<!--MARK--><a href='nulla6e6b18e-08af-40e3-bcd8-3ec406eb658d' class='mouseoverHref'>Ivanov, D.L. & Pavlinov, I.Y. 1991. [Analysis of morphological characters of Caudofoveates (Mollusca: Aplacophora) by means of cladistics].</a> <!--MARK--><!--MARK--><a href='null0bc87fdb-4bcd-4d7d-9137-887df1637492' class='mouseoverHref'><em>Zhurnal Obschei Biologii, Acadademii Nauk. SSSR</em></a> 1 <strong>52</strong>: 27-35<!--MARK--> [in Russian, English summary]","in Russian, English summary","Article in Journal","a6e6b18e-08af-40e3-bcd8-3ec406eb658d","20081009T05:11:37.000+0000","0bc87fdb-4bcd-4d7d-9137-887df1637492"
"Ivanov, D.L. & Scheltema, A.H.","2000","On the nomenclatural status of the type series of <i>Chaetoderma nitidulum</i> Lovén, 1844","1-4","","Ruthenica","","","","<!--MARK--><a href='nullce83d656-9918-4ba4-9d32-940ca99979b2' class='mouseoverHref'>Ivanov, D.L. & Scheltema, A.H. 2000. On the nomenclatural status of the type series of <i>Chaetoderma nitidulum</i> Lovén, 1844.</a> <!--MARK--><!--MARK--><a href='nulla36366c5-2fd5-40c2-bc32-5106792cba07' class='mouseoverHref'><em>Ruthenica</em></a> <strong>10</strong>: 1-4<!--MARK-->","","Article in Journal","ce83d656-9918-4ba4-9d32-940ca99979b2","20081009T05:11:37.000+0000","a36366c5-2fd5-40c2-bc32-5106792cba07"
"Ivanov, D.L. & Scheltema, A.H.","2000","Prochaetodermatidae of the Western Indian Ocean and Arabian Sea","in press","Rés. Camp. MUSORSTOM. <i>Vol. 22</i>","","","","","<!--MARK--><a href='null8df38da3-941a-4eed-a89d-3c15e901f86a' class='mouseoverHref'>Ivanov, D.L. & Scheltema, A.H. 2000. Prochaetodermatidae of the Western Indian Ocean and Arabian Sea. in press</a> <!--MARK--><em>in</em> <!--MARK--><a href='null786c6b28-30a6-4b5d-afb3-b04b09ac068f' class='mouseoverHref'>Bouchet, P. & Marshall, B.A. (eds). <em>Rés. Camp. MUSORSTOM. <i>Vol. 22</i></em>. Paris : Mém. Mus. Nat. Hist. Natl.</a><!--MARK-->","","Chapter in Book","8df38da3-941a-4eed-a89d-3c15e901f86a","20081009T05:11:37.000+0000","786c6b28-30a6-4b5d-afb3-b04b09ac068f"
"Kowalevsky, A.O. & Marion, A.F.","1887","Contributions à l'histoire des Solenogastres ou Aplacophores","1- 77","","Annales du Musée d'Histoire Naturelle de Marseille, Zoologie","","","","<!--MARK--><a href='nullfd4b2ee7-2257-4d82-96f8-02e1e2f4b4cb' class='mouseoverHref'>Kowalevsky, A.O. & Marion, A.F. 1887. Contributions à l'histoire des Solenogastres ou Aplacophores.</a> <!--MARK--><!--MARK--><a href='null3d3b2436-2a35-4a1b-8f81-6223020ae160' class='mouseoverHref'><em>Annales du Musée d'Histoire Naturelle de Marseille, Zoologie</em></a> Zool. 3, Mem. <strong>1</strong>: 1- 77<!--MARK-->","","Article in Journal","fd4b2ee7-2257-4d82-96f8-02e1e2f4b4cb","20081009T05:11:37.000+0000","3d3b2436-2a35-4a1b-8f81-6223020ae160"
"Lovén, S.","1844","<i>Chaetoderma</i> n.g","116","","Öfversigt af Kongelige Vetenskaps-Akademiens Förhandlingar, Stockholm","","","","<!--MARK--><a href='null0a154abe-9811-4076-9331-09f54e7a6acf' class='mouseoverHref'>Lovén, S. 1844. <i>Chaetoderma</i> n.g.</a> <!--MARK--><!--MARK--><a href='nullfc20d137-84ff-49b6-854c-8ee249f9a6f4' class='mouseoverHref'><em>Öfversigt af Kongelige Vetenskaps-Akademiens Förhandlingar, Stockholm</em></a> <strong>1</strong>: 116<!--MARK-->","","Article in Journal","0a154abe-9811-4076-9331-09f54e7a6acf","20081009T05:11:37.000+0000","fc20d137-84ff-49b6-854c-8ee249f9a6f4"
"Marion, A.F. & Kowalevsky, A.O.","1886","Organisation du <i>Lepidomenia hystrix</i>, nouveau type de Solenogastre","757-759","","Comptes Rendus (Hebdomadaires) des Séances de l'Academie des Sciences. Série D. Sciences Naturelles","","","","<!--MARK--><a href='nullc96b9a99-558d-4758-872a-7082f3bda301' class='mouseoverHref'>Marion, A.F. & Kowalevsky, A.O. 1886. Organisation du <i>Lepidomenia hystrix</i>, nouveau type de Solenogastre.</a> <!--MARK--><!--MARK--><a href='null77294646-7b61-4cee-974d-0ed045692670' class='mouseoverHref'><em>Comptes Rendus (Hebdomadaires) des Séances de l'Academie des Sciences. Série D. Sciences Naturelles</em></a> <strong>103</strong>: 757-759<!--MARK-->","","Article in Journal","c96b9a99-558d-4758-872a-7082f3bda301","20081009T05:11:37.000+0000","77294646-7b61-4cee-974d-0ed045692670"
"Möbius, K.","1874","Die Expedition zur physikalisch-chemischen und biologischen Untersuchung der Nordsee im Sommer 1872. Zoologische Ergebnisse der Nordseefahrt vom 21 Juli bis 9 September 1872. V. Vermes","157-158","","Jahresbericht der Commission zur Wissenchaftlichen Untersuchung der Deutschen Meere in Kiel","","","","<!--MARK--><a href='nulle4c9cf28-37e7-440d-8bad-64955e282e0f' class='mouseoverHref'>Möbius, K. 1874. Die Expedition zur physikalisch-chemischen und biologischen Untersuchung der Nordsee im Sommer 1872. Zoologische Ergebnisse der Nordseefahrt vom 21 Juli bis 9 September 1872. V. Vermes.</a> <!--MARK--><!--MARK--><a href='nulleadb794c-91f3-4e37-809a-22ca52a743a5' class='mouseoverHref'><em>Jahresbericht der Commission zur Wissenchaftlichen Untersuchung der Deutschen Meere in Kiel</em></a> 2 <strong>3</strong>: 157-158<!--MARK-->","","Article in Journal","e4c9cf28-37e7-440d-8bad-64955e282e0f","20081009T05:11:37.000+0000","eadb794c-91f3-4e37-809a-22ca52a743a5"
"Nierstrasz, H.F.","1902","The Solenogastres of the Siboga-Expedition. <i>Siboga-Exped. 47</i>","46","","","","","E.J. Brill","<!--MARK--><a href='nullda2157bb-8a2e-496d-9738-8cbabf758a22' class='mouseoverHref'>Nierstrasz, H.F. 1902. <em>The Solenogastres of the Siboga-Expedition. <i>Siboga-Exped. 47</i></em>. Leyden : E.J. Brill 46 pp.</a><!--MARK-->","","Book","da2157bb-8a2e-496d-9738-8cbabf758a22","20081009T05:11:37.000+0000",""
"Nierstrasz, H.F.","1908","Mollusca. VII. Solenogastres","1-13","","National Antarctic Expedition, 1901-1904, Natural History","","","","<!--MARK--><a href='nullc8508510-93d7-46e1-834e-d82b2c5c5310' class='mouseoverHref'>Nierstrasz, H.F. 1908. Mollusca. VII. Solenogastres.</a> <!--MARK--><!--MARK--><a href='nullb684f897-7bd5-4a99-9deb-b0cfa24adfd7' class='mouseoverHref'><em>National Antarctic Expedition, 1901-1904, Natural History</em></a> <strong>4</strong>(7): 1-13<!--MARK-->","","Article in Journal","c8508510-93d7-46e1-834e-d82b2c5c5310","20081009T05:11:37.000+0000","b684f897-7bd5-4a99-9deb-b0cfa24adfd7"
"Pruvot, G.","1890","Sur le développement d'un Solénogastre","689-692","","Comptes Rendus (Hebdomadaires) des Séances de l'Academie des Sciences. Série D. Sciences Naturelles","","","","<!--MARK--><a href='null0aa7fe2b-c1a0-4846-8047-d771eddd65d6' class='mouseoverHref'>Pruvot, G. 1890. Sur le développement d'un Solénogastre.</a> <!--MARK--><!--MARK--><a href='null77294646-7b61-4cee-974d-0ed045692670' class='mouseoverHref'><em>Comptes Rendus (Hebdomadaires) des Séances de l'Academie des Sciences. Série D. Sciences Naturelles</em></a> <strong>111</strong>: 689-692<!--MARK-->","","Article in Journal","0aa7fe2b-c1a0-4846-8047-d771eddd65d6","20081009T05:11:37.000+0000","77294646-7b61-4cee-974d-0ed045692670"
"Salvini-Plawen, L.v.","1967","Kritische Bemerkungen zum System der Solenogastres","398-444","","Zeitschrift für Zoologische Systematik und Evolutionsforschung","","","","<!--MARK--><a href='null97d229ac-37dd-4bdb-a2fb-4ac02a4218ad' class='mouseoverHref'>Salvini-Plawen, L.v. 1967. Kritische Bemerkungen zum System der Solenogastres.</a> <!--MARK--><!--MARK--><a href='null4404168d-6c2e-4136-a2c9-5008c98d98b7' class='mouseoverHref'><em>Zeitschrift für Zoologische Systematik und Evolutionsforschung</em></a> <strong>5</strong>: 398-444<!--MARK-->","","Article in Journal","97d229ac-37dd-4bdb-a2fb-4ac02a4218ad","20081009T05:11:37.000+0000","4404168d-6c2e-4136-a2c9-5008c98d98b7"
"Salvini-Plawen, L.v.","1968","Über Lebendbeobachtungen an Caudofoveata (Mollusca, Aculifera), nebst Bemerkungen zum System der Klasse","105-126","","Sarsia","","","","<!--MARK--><a href='nulled2b6b6f-55d8-4cca-9267-50e200dd6199' class='mouseoverHref'>Salvini-Plawen, L.v. 1968. Über Lebendbeobachtungen an Caudofoveata (Mollusca, Aculifera), nebst Bemerkungen zum System der Klasse.</a> <!--MARK--><!--MARK--><a href='null2369dfa1-f05e-43c7-b473-0d43815a7891' class='mouseoverHref'><em>Sarsia</em></a> <strong>31</strong>: 105-126<!--MARK-->","","Article in Journal","ed2b6b6f-55d8-4cca-9267-50e200dd6199","20081009T05:11:37.000+0000","2369dfa1-f05e-43c7-b473-0d43815a7891"
"Salvini-Plawen, L.v.","1972","Zur Morphologie und Phylogenie der Mollusken: Die Beziehungen der Caudofoveata und der Solenogastres als Aculifera, als Mollusca und als Spiralia","205-394","","Zeitschrift für Wissenschaftliche Zoologie","","","","<!--MARK--><a href='null9a0948a4-1be2-4a62-a63c-c8f3694f15d8' class='mouseoverHref'>Salvini-Plawen, L.v. 1972. Zur Morphologie und Phylogenie der Mollusken: Die Beziehungen der Caudofoveata und der Solenogastres als Aculifera, als Mollusca und als Spiralia.</a> <!--MARK--><!--MARK--><a href='nulld8df55e6-ffed-4756-acd5-061bda3ce3ac' class='mouseoverHref'><em>Zeitschrift für Wissenschaftliche Zoologie</em></a> <strong>184</strong>: 205-394<!--MARK-->","","Article in Journal","9a0948a4-1be2-4a62-a63c-c8f3694f15d8","20081009T05:11:37.000+0000","d8df55e6-ffed-4756-acd5-061bda3ce3ac"
"Salvini-Plawen, L.v.","1978","Antarktische und subantarktische Solenogastres (eine Monographie: 1898-1974)","1-315","","Zoologica (Stuttgart)","","","","<!--MARK--><a href='nulle22731dd-47e3-4d40-a5cf-484202a8a87e' class='mouseoverHref'>Salvini-Plawen, L.v. 1978. Antarktische und subantarktische Solenogastres (eine Monographie: 1898-1974).</a> <!--MARK--><!--MARK--><a href='null1148540a-bcf6-4b73-a303-af0e579e0cfc' class='mouseoverHref'><em>Zoologica (Stuttgart)</em></a> <strong>48</strong>(1/2): 1-315<!--MARK-->","","Article in Journal","e22731dd-47e3-4d40-a5cf-484202a8a87e","20081009T05:11:37.000+0000","1148540a-bcf6-4b73-a303-af0e579e0cfc"
"Salvini-Plawen, L.v.","1983","Stamm Mollusca (Weichtiere)","248-390","Fauna und Flora des Mittelmeeres","","","","","<!--MARK--><a href='nullfbde0615-9218-4cf3-9667-d452a3d6d752' class='mouseoverHref'>Salvini-Plawen, L.v. 1983. Stamm Mollusca (Weichtiere). pp. 248-390</a> <!--MARK--><em>in</em> <!--MARK--><a href='nulle7f15de3-6e10-4350-9aec-b287c8c51f45' class='mouseoverHref'>Riedl, R. (ed.). <em>Fauna und Flora des Mittelmeeres</em>. Hamburg : P. Parey-Verlag.</a><!--MARK-->","","Chapter in Book","fbde0615-9218-4cf3-9667-d452a3d6d752","20081009T05:11:37.000+0000","e7f15de3-6e10-4350-9aec-b287c8c51f45"
"Salvini-Plawen, L.v.","1984","[Comments on <i>Chaetoderma</i> and <i>Crystallophrisson</i> (Mollusca, Caudofoveata)]","171-175","","Zoologicheskii Zhurnal","","","","<!--MARK--><a href='nullcfa84e03-31d9-4776-af49-1fefbb2edfae' class='mouseoverHref'>Salvini-Plawen, L.v. 1984. [Comments on <i>Chaetoderma</i> and <i>Crystallophrisson</i> (Mollusca, Caudofoveata)].</a> <!--MARK--><!--MARK--><a href='null9ca52805-abf8-43a8-bbd5-8b91ddb0efd4' class='mouseoverHref'><em>Zoologicheskii Zhurnal</em></a> Akad. Nauk SSSR <strong>63</strong>: 171-175<!--MARK--> [In Russian]","In Russian","Article in Journal","cfa84e03-31d9-4776-af49-1fefbb2edfae","20081009T05:11:37.000+0000","9ca52805-abf8-43a8-bbd5-8b91ddb0efd4"
"Salvini-Plawen, L.v.","1985","Early evolution and the primitive groups","59-150","The Mollusca. <i>Vol. 10 Evolution</i>","","","","","<!--MARK--><a href='null20cc1f5a-4f67-486c-a015-013d12b032fc' class='mouseoverHref'>Salvini-Plawen, L.v. 1985. Early evolution and the primitive groups. pp. 59-150</a> <!--MARK--><em>in</em> <!--MARK--><a href='null17710874-9afc-4638-85ee-382a03beb06f' class='mouseoverHref'>Trueman, E.R. & Clarke, M.R. (eds). <em>The Mollusca. <i>Vol. 10 Evolution</i></em>. Orlando : Academic Press, Inc.</a><!--MARK-->","","Chapter in Book","20cc1f5a-4f67-486c-a015-013d12b032fc","20081009T05:11:37.000+0000","17710874-9afc-4638-85ee-382a03beb06f"
"Salvini-Plawen, L.v.","1988","Einige Solenogastres (Mollusca) der europäischen Meiofauna","373-385","","Annalen des Naturhistorischen Museums in Wien","","","","<!--MARK--><a href='null59530ccd-b256-4cbd-8014-aa93def21468' class='mouseoverHref'>Salvini-Plawen, L.v. 1988. Einige Solenogastres (Mollusca) der europäischen Meiofauna.</a> <!--MARK--><!--MARK--><a href='null023544c0-c209-4238-9c74-43207e27f1ce' class='mouseoverHref'><em>Annalen des Naturhistorischen Museums in Wien</em></a> <strong>90</strong>(B): 373-385<!--MARK-->","","Article in Journal","59530ccd-b256-4cbd-8014-aa93def21468","20081009T05:11:37.000+0000","023544c0-c209-4238-9c74-43207e27f1ce"
"Salvini-Plawen, L.v.","1992","On certain Caudofoveata from the Vema-Expedition","317-333","Proceedings of the 9th International Malacological Congress","","","","","<!--MARK--><a href='null0e0d36fc-891d-4620-a6ac-374af3d20065' class='mouseoverHref'>Salvini-Plawen, L.v. 1992. On certain Caudofoveata from the Vema-Expedition. pp. 317-333</a> <!--MARK--><em>in</em> <!--MARK--><a href='null1cc14430-9814-4450-92c1-54bae29e4660' class='mouseoverHref'>Gittenberger, E. & Gould, J. (eds). <em>Proceedings of the 9th International Malacological Congress</em>. Leiden : Unitas Malacologia.</a><!--MARK-->","","Chapter in Book","0e0d36fc-891d-4620-a6ac-374af3d20065","20081009T05:11:37.000+0000","1cc14430-9814-4450-92c1-54bae29e4660"
"Salvini-Plawen, L.v.","1997","Systematic revision of the Epimeniidae (Mollusca: Solenogastres)","131-155","","Journal of Molluscan Studies","","","","<!--MARK--><a href='nulldf09a3a6-8d82-4d2b-88b9-a06d37bfbebb' class='mouseoverHref'>Salvini-Plawen, L.v. 1997. Systematic revision of the Epimeniidae (Mollusca: Solenogastres).</a> <!--MARK--><!--MARK--><a href='nullab2dcbf4-69d4-4856-a216-1b3b84e3501e' class='mouseoverHref'><em>Journal of Molluscan Studies</em></a> <strong>63</strong>: 131-155<!--MARK-->","","Article in Journal","df09a3a6-8d82-4d2b-88b9-a06d37bfbebb","20081009T05:11:37.000+0000","ab2dcbf4-69d4-4856-a216-1b3b84e3501e"
"Salvini-Plawen, L.v.","1999","Caudofoveata from off the northern coast of the Iberian Peninsula","77-84","","Iberus","","","","<!--MARK--><a href='nulle17738b4-a1ab-4027-bf6e-6df3cb59e1f5' class='mouseoverHref'>Salvini-Plawen, L.v. 1999. Caudofoveata from off the northern coast of the Iberian Peninsula.</a> <!--MARK--><!--MARK--><a href='nullf6d589c7-8e9f-4694-ae51-ccc4bc7e0ea5' class='mouseoverHref'><em>Iberus</em></a> <strong>17</strong>: 77-84<!--MARK-->","","Article in Journal","e17738b4-a1ab-4027-bf6e-6df3cb59e1f5","20081009T05:11:37.000+0000","f6d589c7-8e9f-4694-ae51-ccc4bc7e0ea5"
"Salvini-Plawen, L.v. & Benayahu, Y.","1991","<i>Epimenia arabica</i> spec. nov., a Solenogaster (Mollusca) feeding on the alcyonacean <i>Scleronephthya corymbosa</i> (Cnidaria) from shallow waters of the Red Sea","139-152","","Pubblicazioni della Stazione Zoologica di Napoli I: Marine Ecology","","","","<!--MARK--><a href='null8df00ded-9732-485a-90fb-21e181e0d80b' class='mouseoverHref'>Salvini-Plawen, L.v. & Benayahu, Y. 1991. <i>Epimenia arabica</i> spec. nov., a Solenogaster (Mollusca) feeding on the alcyonacean <i>Scleronephthya corymbosa</i> (Cnidaria) from shallow waters of the Red Sea.</a> <!--MARK--><!--MARK--><a href='nullcee3ccd2-5bc2-4b96-8bff-f7edce512690' class='mouseoverHref'><em>Pubblicazioni della Stazione Zoologica di Napoli I: Marine Ecology</em></a> <strong>12</strong>: 139-152<!--MARK-->","","Article in Journal","8df00ded-9732-485a-90fb-21e181e0d80b","20081009T05:11:37.000+0000","cee3ccd2-5bc2-4b96-8bff-f7edce512690"
"Salvini-Plawen, L.v. & Steiner, G.","1996","Synapomorphies and plesiomorphies in higher classification of Mollusca","29-51","Origin and Evolutionary Radiation of the Mollusca","","","","","<!--MARK--><a href='null667988fa-88fc-45c3-9d52-51208a79a960' class='mouseoverHref'>Salvini-Plawen, L.v. & Steiner, G. 1996. Synapomorphies and plesiomorphies in higher classification of Mollusca. pp. 29-51</a> <!--MARK--><em>in</em> <!--MARK--><a href='null8874bcb0-887d-46e6-983b-6be231973a68' class='mouseoverHref'>Taylor, J.D. (ed.). <em>Origin and Evolutionary Radiation of the Mollusca</em>. Oxford, New York, Tokyo : Oxford University Press.</a><!--MARK-->","","Chapter in Book","667988fa-88fc-45c3-9d52-51208a79a960","20081009T05:11:37.000+0000","8874bcb0-887d-46e6-983b-6be231973a68"
"Salvini-Plawen, L. von","2003","Contributions to West-Mediterranean Solenogastres (Mollusca) with three new species.","37-60","","Iberus","","","","<!--MARK--><a href='nulla1a7eb14-af4c-414f-8db6-4cc203401600' class='mouseoverHref'>Salvini-Plawen, L. von 2003. Contributions to West-Mediterranean Solenogastres (Mollusca) with three new species.</a> <!--MARK--><!--MARK--><a href='nullf6d589c7-8e9f-4694-ae51-ccc4bc7e0ea5' class='mouseoverHref'><em>Iberus</em></a> <strong>21</strong>(2): 37-60<!--MARK-->","","Article in Journal","a1a7eb14-af4c-414f-8db6-4cc203401600","20160607T01:04:42.680+0000","f6d589c7-8e9f-4694-ae51-ccc4bc7e0ea5"
"Sartori, André F., Garcia-Alvarez, O.","2014","<em>Gephyroherpia antarctica</em> Salvini-Plawen, 1978. In: MolluscaBase (2015).","","","","","","","<!--MARK--><a href='null5c22156d-7088-4071-9f57-d3a8538e2e78' class='mouseoverHref'>Sartori, André F., Garcia-Alvarez, O. 2014. <em>Gephyroherpia antarctica</em> Salvini-Plawen, 1978. In: MolluscaBase (2015). World Register of Marine Species.</a> <!--MARK--><a href=http://www.marinespecies.org/aphia.php?p=taxdetails&id=340732>http://www.marinespecies.org/aphia.php?p=taxdetails&id=340732</a>","","URL","5c22156d-7088-4071-9f57-d3a8538e2e78","20150702T05:21:10.592+0000",""
"Scheltema, A.H.","1978","Position of the class Aplacophora in the phylum Mollusca","99-109","","Malacologia","","","","<!--MARK--><a href='null06ed9a0f-545c-4ad8-93eb-4726a77b98f9' class='mouseoverHref'>Scheltema, A.H. 1978. Position of the class Aplacophora in the phylum Mollusca.</a> <!--MARK--><!--MARK--><a href='nulldc6c3842-79e3-48c5-8fb7-b8b17765f58f' class='mouseoverHref'><em>Malacologia</em></a> <strong>17</strong>: 99-109<!--MARK-->","","Article in Journal","06ed9a0f-545c-4ad8-93eb-4726a77b98f9","20081009T05:11:37.000+0000","dc6c3842-79e3-48c5-8fb7-b8b17765f58f"
"Scheltema, A.H.","1981","Comparative morphology of the radulae and alimentary tracts in the Aplacophora","361-383","","Malacologia","","","","<!--MARK--><a href='null7562a2db-9980-486e-9b55-4d76b6a73129' class='mouseoverHref'>Scheltema, A.H. 1981. Comparative morphology of the radulae and alimentary tracts in the Aplacophora.</a> <!--MARK--><!--MARK--><a href='nulldc6c3842-79e3-48c5-8fb7-b8b17765f58f' class='mouseoverHref'><em>Malacologia</em></a> <strong>20</strong>: 361-383<!--MARK-->","","Article in Journal","7562a2db-9980-486e-9b55-4d76b6a73129","20081009T05:11:37.000+0000","dc6c3842-79e3-48c5-8fb7-b8b17765f58f"
"Scheltema, A.H.","1985","The aplacophoran family Prochaetodermatidae in the North American Basin, including <i>Chevroderma</i> n.g. and <i>Spathoderma</i> n.g. (Mollusca: Chaetodermomorpha)","484-529","","Biological Bulletin. Marine Biological Laboratory (Woods Hole)","","","","<!--MARK--><a href='null692bb57c-642b-44b2-a6cd-e5d167d9840c' class='mouseoverHref'>Scheltema, A.H. 1985. The aplacophoran family Prochaetodermatidae in the North American Basin, including <i>Chevroderma</i> n.g. and <i>Spathoderma</i> n.g. (Mollusca: Chaetodermomorpha).</a> <!--MARK--><!--MARK--><a href='nullf268805e-0200-4547-9543-03978a83d207' class='mouseoverHref'><em>Biological Bulletin. Marine Biological Laboratory (Woods Hole)</em></a> <strong>169</strong>: 484-529<!--MARK-->","","Article in Journal","692bb57c-642b-44b2-a6cd-e5d167d9840c","20081009T05:11:37.000+0000","f268805e-0200-4547-9543-03978a83d207"
"Scheltema, A.H.","1987","Reproduction and rapid growth in a deep-sea aplacophoran mollusc, <i>Prochaetoderma yongei</i>","171-180","","Marine Ecology Progress Series","","","","<!--MARK--><a href='null46e7bf80-d5e9-47b0-a1e6-d98b3392f06c' class='mouseoverHref'>Scheltema, A.H. 1987. Reproduction and rapid growth in a deep-sea aplacophoran mollusc, <i>Prochaetoderma yongei</i>.</a> <!--MARK--><!--MARK--><a href='null951c59a7-094a-4cfd-b5df-c0f2dc3a492f' class='mouseoverHref'><em>Marine Ecology Progress Series</em></a> <strong>37</strong>: 171-180<!--MARK-->","","Article in Journal","46e7bf80-d5e9-47b0-a1e6-d98b3392f06c","20081009T05:11:37.000+0000","951c59a7-094a-4cfd-b5df-c0f2dc3a492f"
"Scheltema, A.H.","1989","Australian aplacophoran molluscs: I. Chaetodermomorpha from Bass Strait and the continental slope off southeastern Australia","43-62","","Records of the Australian Museum","","","","<!--MARK--><a href='null0d5ff546-aa75-4ef2-b53b-d50bd64a4756' class='mouseoverHref'>Scheltema, A.H. 1989. Australian aplacophoran molluscs: I. Chaetodermomorpha from Bass Strait and the continental slope off southeastern Australia.</a> <!--MARK--><!--MARK--><a href='null7c07530b-0b38-44f5-8f95-368da97d6ac2' class='mouseoverHref'><em>Records of the Australian Museum</em></a> <strong>41</strong>: 43-62<!--MARK-->","","Article in Journal","0d5ff546-aa75-4ef2-b53b-d50bd64a4756","20081009T05:11:37.000+0000","7c07530b-0b38-44f5-8f95-368da97d6ac2"
"Scheltema, A.H.","1990","The Aplacophora as a Tethyan slope taxon: evidence from the Pacific","50-61","","Bulletin of Marine Science","","","","<!--MARK--><a href='null5f3a70ec-cac8-422b-b104-28746e67475a' class='mouseoverHref'>Scheltema, A.H. 1990. The Aplacophora as a Tethyan slope taxon: evidence from the Pacific.</a> <!--MARK--><!--MARK--><a href='null596aed15-7581-4a02-abab-8c4fb061bb4e' class='mouseoverHref'><em>Bulletin of Marine Science</em></a> <strong>47</strong>: 50-61<!--MARK-->","","Article in Journal","5f3a70ec-cac8-422b-b104-28746e67475a","20081009T05:11:37.000+0000","596aed15-7581-4a02-abab-8c4fb061bb4e"
"Scheltema, A.H.","1992","The Aplacophora: History, Taxonomy, Phylogeny, Biogeography, and Ecology","","","","","","","<!--MARK--><a href='nullbd47dc51-5942-4c94-a455-be77bea10d71' class='mouseoverHref'>Scheltema, A.H. 1992. The Aplacophora: History, Taxonomy, Phylogeny, Biogeography, and Ecology. <I>Woods Hole Oceanogr. Inst. Tech. Rept. </I>WHOI-92--12 viii 234 pp.</a>","","Miscellaneous","bd47dc51-5942-4c94-a455-be77bea10d71","20081009T05:11:37.000+0000",""
"Scheltema, A.H.","1993","Aplacophora as progenetic aculiferans and the coelomate origin of mollusks as the sister taxon of Sipuncula","57-78","","Biological Bulletin. Marine Biological Laboratory (Woods Hole)","","","","<!--MARK--><a href='null8a662c71-14dd-4c3b-94fa-605e7b1e1561' class='mouseoverHref'>Scheltema, A.H. 1993. Aplacophora as progenetic aculiferans and the coelomate origin of mollusks as the sister taxon of Sipuncula.</a> <!--MARK--><!--MARK--><a href='nullf268805e-0200-4547-9543-03978a83d207' class='mouseoverHref'><em>Biological Bulletin. Marine Biological Laboratory (Woods Hole)</em></a> <strong>184</strong>: 57-78<!--MARK-->","","Article in Journal","8a662c71-14dd-4c3b-94fa-605e7b1e1561","20081009T05:11:37.000+0000","f268805e-0200-4547-9543-03978a83d207"
"Scheltema, A.H.","1995","<i>Falcidens poias</i>, a new species of chaetoderm Aplacophora from Rottnest Island, Western Australia (Chaetodermomorpha, Chaetodermatidae)","45-49","","Molluscan Research","","","","<!--MARK--><a href='nulle8c9c14c-c623-47b0-a7c8-d2dd49b034a3' class='mouseoverHref'>Scheltema, A.H. 1995. <i>Falcidens poias</i>, a new species of chaetoderm Aplacophora from Rottnest Island, Western Australia (Chaetodermomorpha, Chaetodermatidae).</a> <!--MARK--><!--MARK--><a href='nullfc5b328b-8b89-46a8-9465-a0635763c311' class='mouseoverHref'><em>Molluscan Research</em></a> <strong>16</strong>: 45-49<!--MARK-->","","Article in Journal","e8c9c14c-c623-47b0-a7c8-d2dd49b034a3","20081009T05:11:37.000+0000","fc5b328b-8b89-46a8-9465-a0635763c311"
"Scheltema, A.H.","1996","Phylogenetic position of Sipuncula, Mollusca and the progenetic Aplacophora","53-58","Origin and Evolutionary Radiation of the Mollusca","","","","","<!--MARK--><a href='null2ff381ce-6206-4842-81f2-909d4db28211' class='mouseoverHref'>Scheltema, A.H. 1996. Phylogenetic position of Sipuncula, Mollusca and the progenetic Aplacophora. pp. 53-58</a> <!--MARK--><em>in</em> <!--MARK--><a href='null8874bcb0-887d-46e6-983b-6be231973a68' class='mouseoverHref'>Taylor, J.D. (ed.). <em>Origin and Evolutionary Radiation of the Mollusca</em>. Oxford, New York, Tokyo : Oxford University Press.</a><!--MARK-->","","Chapter in Book","2ff381ce-6206-4842-81f2-909d4db28211","20081009T05:11:37.000+0000","8874bcb0-887d-46e6-983b-6be231973a68"
"Scheltema, A.H.","1997","Aplacophora molluscs: deep-sea analogs to polychaetes","575-583","","Bulletin of Marine Science","","","","<!--MARK--><a href='nullfb8451d5-a7e9-4e7e-a76c-c61d026d77a3' class='mouseoverHref'>Scheltema, A.H. 1997. Aplacophora molluscs: deep-sea analogs to polychaetes.</a> <!--MARK--><!--MARK--><a href='null596aed15-7581-4a02-abab-8c4fb061bb4e' class='mouseoverHref'><em>Bulletin of Marine Science</em></a> <strong>60</strong>: 575-583<!--MARK-->","","Article in Journal","fb8451d5-a7e9-4e7e-a76c-c61d026d77a3","20081009T05:11:37.000+0000","596aed15-7581-4a02-abab-8c4fb061bb4e"
"Scheltema, A.H.","1998","Aplacophora","3-47","Taxonomic Atlas of the Benthic Fauna of the Santa Maria Basin and the Western Santa Barbara Channel. Vol. 8. The Mollusca, Part I","","","","","<!--MARK--><a href='null06107498-f68f-4c4f-8ae7-1473f7d29c82' class='mouseoverHref'>Scheltema, A.H. 1998. Aplacophora. pp. 3-47</a> <!--MARK--><em>in</em> <!--MARK--><a href='null8a2b06bb-02f7-4314-967f-a16a224ffcbc' class='mouseoverHref'>Scott, P.V. & Blake, J.A. (eds). <em>Taxonomic Atlas of the Benthic Fauna of the Santa Maria Basin and the Western Santa Barbara Channel. Vol. 8. The Mollusca, Part I</em>. Santa Barbara, CA : Santa Barbara Museum of Natural History.</a><!--MARK-->","","Chapter in Book","06107498-f68f-4c4f-8ae7-1473f7d29c82","20081009T05:11:37.000+0000","8a2b06bb-02f7-4314-967f-a16a224ffcbc"
"Scheltema, A.H.","1998","Class Aplacophora","145-147","Mollusca: The Southern Synthesis. Fauna of Australia.","","","","","<!--MARK--><a href='null9ae204ac-733a-4196-88ee-9a2134033a49' class='mouseoverHref'>Scheltema, A.H. 1998. Class Aplacophora. pp. 145-147</a> <!--MARK--><em>in</em> <!--MARK--><a href='nullb5636fb5-c4f0-4ceb-85ea-bc7bd7a4c7da' class='mouseoverHref'>Beesley, P.L., Ross, G.J.B. & Wells, A. (eds). <em>Mollusca: The Southern Synthesis. Fauna of Australia</em>. Melbourne : CSIRO Publishing Vol. 5(Part A) pp. xvi, 1-563.</a><!--MARK-->","","Chapter in Book","9ae204ac-733a-4196-88ee-9a2134033a49","20130131T05:18:41.955+0000","b5636fb5-c4f0-4ceb-85ea-bc7bd7a4c7da"
"Scheltema, A.H.","1999","Two solenogaster molluscs, <i>Ocheyoherpia trachia</i> n.sp. from Macquarie Island and <i>Tegulaherpia tasmanica</i> Salvini-Plawen from Bass Strait (Aplacophora: Neomeniomorpha)","23-31","","Records of the Australian Museum","","","","<!--MARK--><a href='null31d1794f-e366-4ae9-acc6-cf7d63b0c166' class='mouseoverHref'>Scheltema, A.H. 1999. Two solenogaster molluscs, <i>Ocheyoherpia trachia</i> n.sp. from Macquarie Island and <i>Tegulaherpia tasmanica</i> Salvini-Plawen from Bass Strait (Aplacophora: Neomeniomorpha).</a> <!--MARK--><!--MARK--><a href='null7c07530b-0b38-44f5-8f95-368da97d6ac2' class='mouseoverHref'><em>Records of the Australian Museum</em></a> <strong>51</strong>: 23-31<!--MARK-->","","Article in Journal","31d1794f-e366-4ae9-acc6-cf7d63b0c166","20081009T05:11:37.000+0000","7c07530b-0b38-44f5-8f95-368da97d6ac2"
"Scheltema, A.H.","2001","Aplacophora","1-18","Zoological Catalogue of Australia. <i>Vol. 17.2 Mollusca: Aplacophora, Polyplacophora, Scaphopoda, Cephalopoda</i>","","","","","<!--MARK--><a href='null3f714162-bbbc-4720-af8a-8f7dbeee8da7' class='mouseoverHref'>Scheltema, A.H. 2001. Aplacophora. pp. 1-18</a> <!--MARK--><em>in</em> <!--MARK--><a href='nullefe86641-45df-4285-a15b-7b80f2d99426' class='mouseoverHref'>Wells, A. & Houston, W.W.K. (eds). <em>Zoological Catalogue of Australia. <i>Vol. 17.2 Mollusca: Aplacophora, Polyplacophora, Scaphopoda, Cephalopoda</i></em>. Melbourne : CSIRO Publishing, Australia xii 353 pp.</a><!--MARK--> [Date published 3 July 2001]","","Chapter in Book","3f714162-bbbc-4720-af8a-8f7dbeee8da7","20140120T03:56:06.689+0000","efe86641-45df-4285-a15b-7b80f2d99426"
"Scheltema, A.H., Tscherkassky, M. & Kuzirian, A.M.","1994","Aplacophora","13-54","Microscopic Anatomy of Invertebrates. Mollusca I","","","","","<!--MARK--><a href='null88968f5a-3e8d-400a-b1e3-8e46882fa15f' class='mouseoverHref'>Scheltema, A.H., Tscherkassky, M. & Kuzirian, A.M. 1994. Aplacophora. pp. 13-54</a> <!--MARK--><em>in</em> <!--MARK--><a href='null539b98d8-30fc-4c4b-9451-553807ebd80e' class='mouseoverHref'>Harrison, F.W. & Kohn, A.J. (eds). <em>Microscopic Anatomy of Invertebrates. Mollusca I</em>. New York : Wiley-Liss Vol. 5.</a><!--MARK-->","","Chapter in Book","88968f5a-3e8d-400a-b1e3-8e46882fa15f","20081009T05:11:37.000+0000","539b98d8-30fc-4c4b-9451-553807ebd80e"
"Scheltema, A.H. & Ivanov, D.L.","2000","Prochaetodermatidae of the Eastearn Atlantic Ocean and Mediterranean Sea (Mollusca, Aplacophora)","313-362","","Journal of Molluscan Studies","","","","<!--MARK--><a href='null25cd41b6-730a-4a38-869d-86a45ae2f371' class='mouseoverHref'>Scheltema, A.H. & Ivanov, D.L. 2000. Prochaetodermatidae of the Eastearn Atlantic Ocean and Mediterranean Sea (Mollusca, Aplacophora).</a> <!--MARK--><!--MARK--><a href='nullab2dcbf4-69d4-4856-a216-1b3b84e3501e' class='mouseoverHref'><em>Journal of Molluscan Studies</em></a> <strong>66</strong>: 313-362<!--MARK-->","","Article in Journal","25cd41b6-730a-4a38-869d-86a45ae2f371","20081009T05:11:37.000+0000","ab2dcbf4-69d4-4856-a216-1b3b84e3501e"
"Scheltema, A.H. & Jebb, M.","1994","Natural history of a solenogaster mollusc from Papua New Guinea, <i>Epimenia australis</i> (Thiele), (Aplacophora: Neomeniomorpha)","1297-1318","","Journal of Natural History","","","","<!--MARK--><a href='nulldda8e16e-8863-4f6a-af2e-9de2134ef448' class='mouseoverHref'>Scheltema, A.H. & Jebb, M. 1994. Natural history of a solenogaster mollusc from Papua New Guinea, <i>Epimenia australis</i> (Thiele), (Aplacophora: Neomeniomorpha).</a> <!--MARK--><!--MARK--><a href='nullad79edeb-4c47-4124-a7ea-9bcbbce0efa4' class='mouseoverHref'><em>Journal of Natural History</em></a> <strong>28</strong>: 1297-1318<!--MARK-->","","Article in Journal","dda8e16e-8863-4f6a-af2e-9de2134ef448","20081009T05:11:37.000+0000","ad79edeb-4c47-4124-a7ea-9bcbbce0efa4"
"Scheltema, A.H. & Schander, C.","2000","Discrimination and phylogeny of solenogaster species through the morphology of hard parts (Mollusca, Aplacophora, Neomeniomorpha)","121-151","","Biological Bulletin. Marine Biological Laboratory (Woods Hole)","","","","<!--MARK--><a href='null7ae0111b-fdce-460f-a0a4-5565bca27025' class='mouseoverHref'>Scheltema, A.H. & Schander, C. 2000. Discrimination and phylogeny of solenogaster species through the morphology of hard parts (Mollusca, Aplacophora, Neomeniomorpha).</a> <!--MARK--><!--MARK--><a href='nullf268805e-0200-4547-9543-03978a83d207' class='mouseoverHref'><em>Biological Bulletin. Marine Biological Laboratory (Woods Hole)</em></a> <strong>198</strong>: 121-151<!--MARK-->","","Article in Journal","7ae0111b-fdce-460f-a0a4-5565bca27025","20081009T05:11:37.000+0000","f268805e-0200-4547-9543-03978a83d207"
"Simroth, H.","1893","Aplacophora","128-233","","H.G. Bronns Klassen und Ordnungen des Tierreichs","","","","<!--MARK--><a href='nullda6e2463-3936-4e71-a92e-a87505785cec' class='mouseoverHref'>Simroth, H. 1893. Aplacophora.</a> <!--MARK--><!--MARK--><a href='null582ad4c7-9a68-47d0-a53f-e107d53887ad' class='mouseoverHref'><em>H.G. Bronns Klassen und Ordnungen des Tierreichs</em></a> <strong>3</strong>(1): 128-233<!--MARK--> [pl. 1-4]","pl. 1-4","Article in Journal","da6e2463-3936-4e71-a92e-a87505785cec","20150701T01:36:27.308+0000","582ad4c7-9a68-47d0-a53f-e107d53887ad"
"Simroth, H.","1893","Kritische Bemerkungen über die Systematik der Neomeniiden","310-327","","Zeitschrift für Wissenschaftliche Zoologie","","","","<!--MARK--><a href='null967377e8-876d-4102-ad6e-c58b92fd8465' class='mouseoverHref'>Simroth, H. 1893. Kritische Bemerkungen über die Systematik der Neomeniiden.</a> <!--MARK--><!--MARK--><a href='nulld8df55e6-ffed-4756-acd5-061bda3ce3ac' class='mouseoverHref'><em>Zeitschrift für Wissenschaftliche Zoologie</em></a> <strong>56</strong>(324): 310-327<!--MARK-->","","Article in Journal","967377e8-876d-4102-ad6e-c58b92fd8465","20150709T05:21:55.844+0000","d8df55e6-ffed-4756-acd5-061bda3ce3ac"
"Thiele, J.","1897","Zwei australische Solenogastres","398-400","","Zoologischer Anzeiger","","","","<!--MARK--><a href='null79a88c2b-68c2-4a85-8940-4cd9c89f6719' class='mouseoverHref'>Thiele, J. 1897. Zwei australische Solenogastres.</a> <!--MARK--><!--MARK--><a href='null4b894062-2782-48ef-bf96-6997840d9060' class='mouseoverHref'><em>Zoologischer Anzeiger</em></a> <strong>20</strong>: 398-400<!--MARK-->","","Article in Journal","79a88c2b-68c2-4a85-8940-4cd9c89f6719","20081009T05:11:37.000+0000","4b894062-2782-48ef-bf96-6997840d9060"
"Thiele, J.","1902","Die systematische Stellung der Solenogastren und die Phylogenie der Mollusken","249-466","","Zeitschrift für Wissenschaftliche Zoologie","","","","<!--MARK--><a href='null9c3d8fc7-8ff5-4736-8726-4092abbbd3f0' class='mouseoverHref'>Thiele, J. 1902. Die systematische Stellung der Solenogastren und die Phylogenie der Mollusken.</a> <!--MARK--><!--MARK--><a href='nulld8df55e6-ffed-4756-acd5-061bda3ce3ac' class='mouseoverHref'><em>Zeitschrift für Wissenschaftliche Zoologie</em></a> <strong>72</strong>: 249-466<!--MARK-->","","Article in Journal","9c3d8fc7-8ff5-4736-8726-4092abbbd3f0","20081009T05:11:37.000+0000","d8df55e6-ffed-4756-acd5-061bda3ce3ac"
"Thiele, J.","1913","Antarktische Solenogastren","35-65","Deutsche Südpolar-Expedition 1901-1903 im Auftrage des Reichsamtes des Innern","","","","","<!--MARK--><a href='null56e18f29-fd98-4595-b4f6-b6c4e811ada4' class='mouseoverHref'>Thiele, J. 1913. Antarktische Solenogastren. pp. 35-65</a> <!--MARK--><em>in</em> <!--MARK--><a href='null58b40445-05df-435a-b9c9-b8e425dd006c' class='mouseoverHref'>Drygalski, E. von. <em>Deutsche Südpolar-Expedition 1901-1903 im Auftrage des Reichsamtes des Innern</em>. Berlin : G. Reimer Vol. 14(Zoologie VI. Band.) 615 pp.</a><!--MARK-->","","Chapter in Book","56e18f29-fd98-4595-b4f6-b6c4e811ada4","20150701T02:24:35.538+0000","58b40445-05df-435a-b9c9-b8e425dd006c"
"Thompson, T.E.","1960","The development of <i>Neomenia carinata</i> Tullberg (Mollusca Aplacophora)","263-278","","Proceedings of the Royal Society of London","","","","<!--MARK--><a href='null119c39d4-ed45-4b7e-9eda-49a7309c9adf' class='mouseoverHref'>Thompson, T.E. 1960. The development of <i>Neomenia carinata</i> Tullberg (Mollusca Aplacophora).</a> <!--MARK--><!--MARK--><a href='nullf6cc5d5e-5570-49ab-88e9-5da0c73b2eaf' class='mouseoverHref'><em>Proceedings of the Royal Society of London</em></a> B <strong>153</strong>: 263-278<!--MARK-->","","Article in Journal","119c39d4-ed45-4b7e-9eda-49a7309c9adf","20081009T05:11:37.000+0000","f6cc5d5e-5570-49ab-88e9-5da0c73b2eaf"
